                            bridge-rectifier circuit
                            Transient Analysis  Thu Jan 20 11:40:33  2022
--------------------------------------------------------------------------------
Index   time            i(vd1)          
--------------------------------------------------------------------------------
0	0.000000e+00	-2.83780e-28	
1	5.000000e-06	8.862920e-08	
2	5.340773e-06	8.890811e-08	
3	6.022318e-06	8.902278e-08	
4	7.385410e-06	8.914801e-08	
5	1.011159e-05	8.951668e-08	
6	1.556396e-05	9.020567e-08	
7	2.646869e-05	9.207930e-08	
8	4.827815e-05	1.006951e-07	
9	7.484121e-05	1.722436e-07	
10	1.009710e-04	8.698259e-07	
11	1.286328e-04	9.001207e-06	
12	1.570166e-04	1.102700e-04	
13	1.861868e-04	1.457724e-03	
14	2.161656e-04	2.019133e-02	
15	2.469004e-04	2.288031e-01	
16	2.787544e-04	1.072303e+00	
17	3.144803e-04	2.373976e+00	
18	3.662192e-04	3.994750e+00	
19	4.214161e-04	5.112252e+00	
20	5.318098e-04	6.177931e+00	
21	7.048949e-04	6.521720e+00	
22	8.692095e-04	6.470157e+00	
23	1.135574e-03	6.322546e+00	
24	1.577287e-03	5.979447e+00	
25	2.077287e-03	5.444905e+00	
26	2.577287e-03	4.777722e+00	
27	3.077287e-03	3.994585e+00	
28	3.577287e-03	3.118349e+00	
29	4.077287e-03	2.172770e+00	
30	4.577287e-03	1.200151e+00	
31	5.077287e-03	3.043306e-01	
32	5.577287e-03	6.226464e-03	
33	6.077287e-03	-4.13917e-03	
34	6.549004e-03	4.139133e-03	
35	6.987943e-03	-4.13921e-03	
36	7.487943e-03	4.139128e-03	
37	7.987943e-03	-4.13921e-03	
38	8.487943e-03	4.139127e-03	
39	8.987943e-03	-4.13921e-03	
40	9.487943e-03	4.139128e-03	
41	9.987943e-03	-4.13921e-03	
42	1.048794e-02	4.139132e-03	
43	1.098794e-02	-4.13920e-03	
44	1.148794e-02	4.139138e-03	
45	1.198794e-02	-4.13920e-03	
46	1.248794e-02	4.139146e-03	
47	1.298794e-02	-4.13919e-03	
48	1.348794e-02	4.139155e-03	
49	1.398794e-02	-4.13918e-03	
50	1.448794e-02	4.139164e-03	
51	1.498794e-02	-4.13917e-03	
52	1.539704e-02	4.139174e-03	
53	1.569842e-02	-4.13916e-03	
54	1.598356e-02	4.139180e-03	

Index   time            i(vd1)          
--------------------------------------------------------------------------------
55	1.638251e-02	-4.13916e-03	
56	1.688251e-02	4.139188e-03	
57	1.738251e-02	-4.13915e-03	
58	1.788251e-02	4.139197e-03	
59	1.838251e-02	-4.13914e-03	
60	1.888251e-02	4.139204e-03	
61	1.938251e-02	-4.13913e-03	
62	1.988251e-02	4.139209e-03	
63	2.038251e-02	-4.13913e-03	
64	2.088251e-02	4.139213e-03	
65	2.138251e-02	-4.13913e-03	
66	2.188251e-02	4.139213e-03	
67	2.238251e-02	-4.13913e-03	
68	2.288251e-02	4.139211e-03	
69	2.338251e-02	-4.13913e-03	
70	2.388251e-02	4.139861e-03	
71	2.438251e-02	8.591720e-02	
72	2.488251e-02	7.023223e-01	
73	2.533046e-02	2.969789e-02	
74	2.576358e-02	2.421628e-02	
75	2.616400e-02	-2.41356e-02	
76	2.666400e-02	2.413556e-02	
77	2.716400e-02	-2.41356e-02	
78	2.766400e-02	2.413555e-02	
79	2.816400e-02	-2.41356e-02	
80	2.866400e-02	2.413555e-02	
81	2.916400e-02	-2.41356e-02	
82	2.966400e-02	2.413555e-02	
83	3.016400e-02	-2.41356e-02	
84	3.066400e-02	2.413556e-02	
85	3.116400e-02	-2.41356e-02	
86	3.166400e-02	2.413556e-02	
87	3.216400e-02	-2.41356e-02	
88	3.266400e-02	2.413557e-02	
89	3.316400e-02	-2.41356e-02	
90	3.366400e-02	2.413558e-02	
91	3.416400e-02	-2.41356e-02	
92	3.466400e-02	2.413559e-02	
93	3.488701e-02	-2.41356e-02	
94	3.519291e-02	2.413560e-02	
95	3.544908e-02	-2.41356e-02	
96	3.570109e-02	2.413560e-02	
97	3.611520e-02	-2.41356e-02	
98	3.651353e-02	2.413567e-02	
99	3.701353e-02	-2.41357e-02	
100	3.751353e-02	2.413594e-02	
101	3.801353e-02	-2.41362e-02	
102	3.851353e-02	2.413653e-02	
103	3.901353e-02	-2.41365e-02	
104	3.951353e-02	2.413654e-02	
105	4.001353e-02	-2.41364e-02	
106	4.051353e-02	2.413654e-02	
107	4.101353e-02	-2.41364e-02	
108	4.151353e-02	2.413655e-02	
109	4.201353e-02	-2.41364e-02	
110	4.251353e-02	2.413665e-02	
111	4.301353e-02	-2.41364e-02	
112	4.351353e-02	2.413662e-02	

Index   time            i(vd1)          
--------------------------------------------------------------------------------
113	4.401353e-02	-2.41031e-02	
114	4.451353e-02	3.164073e-01	
115	4.501353e-02	5.035995e-01	
116	4.551353e-02	2.110537e-02	
117	4.593974e-02	-1.59937e-02	
118	4.634915e-02	1.599546e-02	
119	4.684915e-02	-1.59950e-02	
120	4.734915e-02	1.599512e-02	
121	4.784915e-02	-1.59952e-02	
122	4.834915e-02	1.599512e-02	
123	4.884915e-02	-1.59952e-02	
124	4.934915e-02	1.599512e-02	
125	4.984915e-02	-1.59952e-02	
126	5.034915e-02	1.599512e-02	
127	5.084915e-02	-1.59952e-02	
128	5.134915e-02	1.599513e-02	
129	5.184915e-02	-1.59952e-02	
130	5.234915e-02	1.599514e-02	
131	5.284915e-02	-1.59952e-02	
132	5.334915e-02	1.599515e-02	
133	5.384915e-02	-1.59952e-02	
134	5.434915e-02	1.599514e-02	
135	5.484915e-02	-1.59952e-02	
136	5.534915e-02	1.599515e-02	
137	5.582985e-02	-1.59951e-02	
138	5.630591e-02	1.599518e-02	
139	5.680591e-02	-1.59952e-02	
140	5.730591e-02	1.599538e-02	
141	5.780591e-02	-1.59954e-02	
142	5.830591e-02	1.599543e-02	
143	5.880591e-02	-1.59954e-02	
144	5.930591e-02	1.599543e-02	
145	5.980591e-02	-1.59954e-02	
146	6.030591e-02	1.599544e-02	
147	6.080591e-02	-1.59953e-02	
148	6.130591e-02	1.599544e-02	
149	6.180591e-02	-1.59953e-02	
150	6.230591e-02	1.599544e-02	
151	6.280591e-02	-1.59953e-02	
152	6.330591e-02	1.599549e-02	
153	6.380591e-02	-1.59953e-02	
154	6.430591e-02	4.050183e-02	
155	6.480591e-02	6.736205e-01	
156	6.501831e-02	3.863159e-01	
157	6.519183e-02	1.690983e-01	
158	6.539794e-02	2.995281e-02	
159	6.559390e-02	2.631025e-03	
160	6.566155e-02	2.278438e-04	
161	6.573351e-02	6.395833e-04	
162	6.582896e-02	-4.33492e-04	
163	6.597926e-02	4.732716e-04	
164	6.626624e-02	-4.50064e-04	
165	6.676624e-02	4.717037e-04	
166	6.726624e-02	-4.51250e-04	
167	6.776624e-02	4.695937e-04	
168	6.826624e-02	-4.52871e-04	
169	6.876624e-02	4.662017e-04	
170	6.926624e-02	-4.54910e-04	

Index   time            i(vd1)          
--------------------------------------------------------------------------------
171	6.976624e-02	4.611741e-04	
172	7.026624e-02	-4.57131e-04	
173	7.076624e-02	4.572819e-04	
174	7.126624e-02	-4.57342e-04	
175	7.176624e-02	4.572898e-04	
176	7.226624e-02	-4.57323e-04	
177	7.276624e-02	4.573216e-04	
178	7.326624e-02	-4.57320e-04	
179	7.376624e-02	4.573189e-04	
180	7.426624e-02	-4.57335e-04	
181	7.476624e-02	4.573225e-04	
182	7.526624e-02	-4.57326e-04	
183	7.576624e-02	4.573356e-04	
184	7.626624e-02	-4.57299e-04	
185	7.676624e-02	4.572678e-04	
186	7.726624e-02	-4.57097e-04	
187	7.776624e-02	4.569274e-04	
188	7.826624e-02	-4.56538e-04	
189	7.876624e-02	4.563658e-04	
190	7.926624e-02	-4.56298e-04	
191	7.976624e-02	4.563716e-04	
192	8.026624e-02	-4.56293e-04	
193	8.076624e-02	4.563752e-04	
194	8.126624e-02	-4.56290e-04	
195	8.176624e-02	4.563763e-04	
196	8.226624e-02	-4.56291e-04	
197	8.276624e-02	4.563743e-04	
198	8.326624e-02	-4.56294e-04	
199	8.376624e-02	4.564119e-04	
200	8.426624e-02	1.209196e-02	
201	8.476624e-02	6.681108e-01	
202	8.517461e-02	1.765475e-01	
203	8.555843e-02	2.018141e-02	
204	8.595116e-02	-1.67885e-02	
205	8.645116e-02	1.679035e-02	
206	8.695116e-02	-1.67897e-02	
207	8.745116e-02	1.678995e-02	
208	8.795116e-02	-1.67900e-02	
209	8.845116e-02	1.678995e-02	
210	8.895116e-02	-1.67900e-02	
211	8.945116e-02	1.678995e-02	
212	8.995116e-02	-1.67900e-02	
213	9.045116e-02	1.678996e-02	
214	9.095116e-02	-1.67900e-02	
215	9.145116e-02	1.678996e-02	
216	9.195116e-02	-1.67900e-02	
217	9.245116e-02	1.678997e-02	
218	9.295116e-02	-1.67900e-02	
219	9.345116e-02	1.678998e-02	
220	9.395116e-02	-1.67900e-02	
221	9.445116e-02	1.678997e-02	
222	9.495116e-02	-1.67900e-02	
223	9.545116e-02	1.678998e-02	
224	9.595116e-02	-1.67900e-02	
225	9.645116e-02	1.679002e-02	
226	9.695116e-02	-1.67901e-02	
227	9.745116e-02	1.679009e-02	
228	9.795116e-02	-1.67900e-02	

Index   time            i(vd1)          
--------------------------------------------------------------------------------
229	9.845116e-02	1.679010e-02	
230	9.895116e-02	-1.67900e-02	
231	9.945116e-02	1.679011e-02	
232	9.995116e-02	-1.67900e-02	
233	1.004512e-01	1.679011e-02	
234	1.009512e-01	-1.67900e-02	
235	1.014512e-01	1.679011e-02	
236	1.019512e-01	-1.67900e-02	
237	1.024512e-01	1.679011e-02	
238	1.029512e-01	-1.67900e-02	
239	1.034512e-01	1.679015e-02	
240	1.039512e-01	-1.67860e-02	
241	1.044512e-01	1.707491e-01	
242	1.049512e-01	5.954368e-01	
243	1.052478e-01	1.244312e-01	
244	1.053465e-01	5.316871e-02	
245	1.054794e-01	1.384868e-02	
246	1.055939e-01	8.971997e-04	
247	1.057206e-01	1.732020e-03	
248	1.058547e-01	-1.46602e-03	
249	1.060643e-01	1.480909e-03	
250	1.064836e-01	-1.48091e-03	
251	1.069836e-01	1.480835e-03	
252	1.074836e-01	-1.48092e-03	
253	1.079836e-01	1.480832e-03	
254	1.084836e-01	-1.48092e-03	
255	1.089836e-01	1.480832e-03	
256	1.094836e-01	-1.48092e-03	
257	1.099836e-01	1.480835e-03	
258	1.104836e-01	-1.48091e-03	
259	1.109836e-01	1.480840e-03	
260	1.114836e-01	-1.48091e-03	
261	1.119836e-01	1.480847e-03	
262	1.124836e-01	-1.48090e-03	
263	1.129836e-01	1.480855e-03	
264	1.134836e-01	-1.48089e-03	
265	1.139836e-01	1.480864e-03	
266	1.144836e-01	-1.48088e-03	
267	1.149836e-01	1.480871e-03	
268	1.154836e-01	-1.48087e-03	
269	1.159836e-01	1.480881e-03	
270	1.164836e-01	-1.48083e-03	
271	1.169836e-01	1.480776e-03	
272	1.174836e-01	-1.48057e-03	
273	1.179836e-01	1.480586e-03	
274	1.184836e-01	-1.48052e-03	
275	1.189836e-01	1.480593e-03	
276	1.194836e-01	-1.48052e-03	
277	1.199836e-01	1.480598e-03	
278	1.204836e-01	-1.48051e-03	
279	1.209836e-01	1.480602e-03	
280	1.214836e-01	-1.48051e-03	
281	1.219836e-01	1.480603e-03	
282	1.224836e-01	-1.48051e-03	
283	1.229836e-01	1.480614e-03	
284	1.234836e-01	-1.48042e-03	
285	1.239836e-01	1.491215e-03	
286	1.243692e-01	6.522071e-02	

Index   time            i(vd1)          
--------------------------------------------------------------------------------
287	1.248260e-01	6.913744e-01	
288	1.252035e-01	1.390938e-01	
289	1.255496e-01	2.357671e-02	
290	1.258950e-01	-1.96215e-02	
291	1.263950e-01	1.962706e-02	
292	1.268950e-01	-1.96260e-02	
293	1.273950e-01	1.962616e-02	
294	1.278950e-01	-1.96263e-02	
295	1.283950e-01	1.962616e-02	
296	1.288950e-01	-1.96263e-02	
297	1.293950e-01	1.962616e-02	
298	1.298950e-01	-1.96263e-02	
299	1.303950e-01	1.962617e-02	
300	1.308950e-01	-1.96262e-02	
301	1.313950e-01	1.962617e-02	
302	1.318950e-01	-1.96262e-02	
303	1.323950e-01	1.962618e-02	
304	1.328950e-01	-1.96263e-02	
305	1.333950e-01	1.962618e-02	
306	1.338950e-01	-1.96262e-02	
307	1.343950e-01	1.962621e-02	
308	1.348950e-01	-1.96262e-02	
309	1.353950e-01	1.962622e-02	
310	1.358080e-01	-1.96262e-02	
311	1.362037e-01	1.962622e-02	
312	1.367037e-01	-1.96262e-02	
313	1.372037e-01	1.962622e-02	
314	1.377037e-01	-1.96262e-02	
315	1.382037e-01	1.962623e-02	
316	1.387037e-01	-1.96262e-02	
317	1.392037e-01	1.962624e-02	
318	1.397037e-01	-1.96262e-02	
319	1.402037e-01	1.962624e-02	
320	1.407037e-01	-1.96262e-02	
321	1.412037e-01	1.962624e-02	
322	1.417037e-01	-1.96262e-02	
323	1.422037e-01	1.962624e-02	
324	1.427037e-01	-1.96262e-02	
325	1.432037e-01	1.962624e-02	
326	1.437037e-01	-1.96262e-02	
327	1.442037e-01	2.241446e-02	
328	1.447037e-01	5.527985e-01	
329	1.450154e-01	3.875300e-01	
330	1.452972e-01	6.517600e-02	
331	1.456836e-01	1.295274e-02	
332	1.460402e-01	-1.25262e-02	
333	1.465326e-01	1.253124e-02	
334	1.470326e-01	-1.25267e-02	
335	1.475326e-01	1.252999e-02	
336	1.480326e-01	-1.25277e-02	
337	1.485326e-01	1.252795e-02	
338	1.490326e-01	-1.25280e-02	
339	1.495326e-01	1.252796e-02	
340	1.500326e-01	-1.25280e-02	
341	1.505326e-01	1.252796e-02	
342	1.510326e-01	-1.25280e-02	
343	1.515326e-01	1.252797e-02	
344	1.520326e-01	-1.25280e-02	

Index   time            i(vd1)          
--------------------------------------------------------------------------------
345	1.525326e-01	1.252797e-02	
346	1.530326e-01	-1.25280e-02	
347	1.535326e-01	1.252797e-02	
348	1.540326e-01	-1.25280e-02	
349	1.545326e-01	1.252800e-02	
350	1.550326e-01	-1.25280e-02	
351	1.555326e-01	1.252801e-02	
352	1.560326e-01	-1.25280e-02	
353	1.564899e-01	1.252798e-02	
354	1.569899e-01	-1.25279e-02	
355	1.574899e-01	1.252791e-02	
356	1.579899e-01	-1.25279e-02	
357	1.584899e-01	1.252792e-02	
358	1.589899e-01	-1.25278e-02	
359	1.594899e-01	1.252793e-02	
360	1.599899e-01	-1.25278e-02	
361	1.604899e-01	1.252793e-02	
362	1.609899e-01	-1.25278e-02	
363	1.614899e-01	1.252793e-02	
364	1.619899e-01	-1.25278e-02	
365	1.624899e-01	1.252793e-02	
366	1.629899e-01	-1.25278e-02	
367	1.634899e-01	1.252802e-02	
368	1.639899e-01	-1.25152e-02	
369	1.644899e-01	2.325284e-01	
370	1.649899e-01	5.440394e-01	
371	1.653239e-01	6.528346e-02	
372	1.654284e-01	2.215420e-02	
373	1.655299e-01	6.362651e-03	
374	1.655882e-01	2.174830e-03	
375	1.656560e-01	1.132935e-03	
376	1.657345e-01	-1.46510e-04	
377	1.658246e-01	3.580597e-04	
378	1.659597e-01	-3.28931e-04	
379	1.662093e-01	3.305142e-04	
380	1.667086e-01	-3.30004e-04	
381	1.672086e-01	3.302078e-04	
382	1.677086e-01	-3.30289e-04	
383	1.682086e-01	3.302054e-04	
384	1.687086e-01	-3.30290e-04	
385	1.692086e-01	3.302063e-04	
386	1.697086e-01	-3.30288e-04	
387	1.702086e-01	3.302097e-04	
388	1.707086e-01	-3.30283e-04	
389	1.712086e-01	3.302154e-04	
390	1.717086e-01	-3.30276e-04	
391	1.722086e-01	3.302230e-04	
392	1.727086e-01	-3.30268e-04	
393	1.732086e-01	3.302323e-04	
394	1.737086e-01	-3.30240e-04	
395	1.742086e-01	3.302257e-04	
396	1.747086e-01	-3.30240e-04	
397	1.749289e-01	3.302307e-04	
398	1.752037e-01	-3.30232e-04	
399	1.754765e-01	3.302384e-04	
400	1.757337e-01	-3.30226e-04	
401	1.761193e-01	3.302303e-04	
402	1.764850e-01	-3.30150e-04	

Index   time            i(vd1)          
--------------------------------------------------------------------------------
403	1.769850e-01	3.300904e-04	
404	1.774850e-01	-3.29909e-04	
405	1.779850e-01	3.296594e-04	
406	1.784850e-01	-3.29204e-04	
407	1.789850e-01	3.287474e-04	
408	1.794850e-01	-3.27941e-04	
409	1.799850e-01	3.271382e-04	
410	1.804850e-01	-3.26504e-04	
411	1.809850e-01	3.265969e-04	
412	1.814850e-01	-3.26501e-04	
413	1.819850e-01	3.265989e-04	
414	1.824850e-01	-3.26500e-04	
415	1.829850e-01	3.266628e-04	
416	1.834850e-01	-3.26453e-04	
417	1.839850e-01	3.410882e-04	
418	1.844850e-01	2.454062e-01	
419	1.849656e-01	5.852706e-01	
420	1.853719e-01	2.441707e-02	
421	1.856691e-01	1.339616e-02	
422	1.859505e-01	-1.28405e-02	
423	1.863537e-01	1.284168e-02	
424	1.868537e-01	-1.28417e-02	
425	1.873537e-01	1.284166e-02	
426	1.878537e-01	-1.28417e-02	
427	1.883537e-01	1.284166e-02	
428	1.888537e-01	-1.28417e-02	
429	1.893537e-01	1.284166e-02	
430	1.898537e-01	-1.28417e-02	
431	1.903537e-01	1.284166e-02	
432	1.908537e-01	-1.28417e-02	
433	1.913537e-01	1.284167e-02	
434	1.918537e-01	-1.28417e-02	
435	1.923537e-01	1.284167e-02	
436	1.928537e-01	-1.28417e-02	
437	1.933537e-01	1.284168e-02	
438	1.938537e-01	-1.28417e-02	
439	1.943537e-01	1.284168e-02	
440	1.948537e-01	-1.28417e-02	
441	1.951886e-01	1.284169e-02	
442	1.954665e-01	-1.28417e-02	
443	1.957400e-01	1.284170e-02	
444	1.962400e-01	-1.28417e-02	
445	1.967400e-01	1.284178e-02	
446	1.972400e-01	-1.28419e-02	
447	1.977400e-01	1.284209e-02	
448	1.982400e-01	-1.28420e-02	
449	1.987400e-01	1.284210e-02	
450	1.992400e-01	-1.28420e-02	
451	1.997400e-01	1.284211e-02	
452	2.000000e-01	-1.28420e-02	
