                            bridge-rectifier circuit
                            Transient Analysis  Thu Jan 20 11:40:33  2022
--------------------------------------------------------------------------------
Index   time            i(vd3)          
--------------------------------------------------------------------------------
0	0.000000e+00	-2.83780e-28	
1	5.000000e-06	-8.81105e-08	
2	5.340773e-06	-8.78490e-08	
3	6.022318e-06	-8.77523e-08	
4	7.385410e-06	-8.76589e-08	
5	1.011159e-05	-8.73733e-08	
6	1.556396e-05	-8.69068e-08	
7	2.646869e-05	-8.58983e-08	
8	4.827815e-05	-8.40860e-08	
9	7.484121e-05	-8.20181e-08	
10	1.009710e-04	-8.02134e-08	
11	1.286328e-04	-7.84002e-08	
12	1.570166e-04	-7.67498e-08	
13	1.861868e-04	-7.51365e-08	
14	2.161656e-04	-7.38530e-08	
15	2.469004e-04	-7.46234e-08	
16	2.787544e-04	-8.20912e-08	
17	3.144803e-04	-9.34956e-08	
18	3.662192e-04	-1.06157e-07	
19	4.214161e-04	-1.12228e-07	
20	5.318098e-04	-1.13269e-07	
21	7.048949e-04	-1.04536e-07	
22	8.692095e-04	-9.69684e-08	
23	1.135574e-03	-8.55937e-08	
24	1.577287e-03	-7.31413e-08	
25	2.077287e-03	-6.05746e-08	
26	2.577287e-03	-5.03499e-08	
27	3.077287e-03	-3.94336e-08	
28	3.577287e-03	-2.99513e-08	
29	4.077287e-03	-1.94225e-08	
30	4.577287e-03	-1.01875e-08	
31	5.077287e-03	-3.01554e-10	
32	5.577287e-03	5.535007e-09	
33	6.077287e-03	1.108644e-08	
34	6.549004e-03	1.498893e-08	
35	6.987943e-03	1.965428e-08	
36	7.487943e-03	2.344348e-08	
37	7.987943e-03	2.815538e-08	
38	8.487943e-03	3.130013e-08	
39	8.987943e-03	3.525847e-08	
40	9.487943e-03	3.754419e-08	
41	9.987943e-03	4.054416e-08	
42	1.048794e-02	4.177537e-08	
43	1.098794e-02	4.362545e-08	
44	1.148794e-02	4.360705e-08	
45	1.198794e-02	4.409389e-08	
46	1.248794e-02	4.265453e-08	
47	1.298794e-02	4.153553e-08	
48	1.348794e-02	3.817236e-08	
49	1.398794e-02	1.216888e-05	
50	1.448794e-02	2.194656e-01	
51	1.498794e-02	5.562013e-01	
52	1.539704e-02	1.615796e-02	
53	1.569842e-02	1.274526e-02	
54	1.598356e-02	-1.24282e-02	

Index   time            i(vd3)          
--------------------------------------------------------------------------------
55	1.638251e-02	1.242221e-02	
56	1.688251e-02	-1.24223e-02	
57	1.738251e-02	1.242221e-02	
58	1.788251e-02	-1.24223e-02	
59	1.838251e-02	1.242220e-02	
60	1.888251e-02	-1.24223e-02	
61	1.938251e-02	1.242221e-02	
62	1.988251e-02	-1.24223e-02	
63	2.038251e-02	1.242221e-02	
64	2.088251e-02	-1.24223e-02	
65	2.138251e-02	1.242222e-02	
66	2.188251e-02	-1.24223e-02	
67	2.238251e-02	1.242222e-02	
68	2.288251e-02	-1.24223e-02	
69	2.338251e-02	1.242223e-02	
70	2.388251e-02	-1.24223e-02	
71	2.438251e-02	1.242224e-02	
72	2.488251e-02	-1.24223e-02	
73	2.533046e-02	1.242225e-02	
74	2.576358e-02	-1.24222e-02	
75	2.616400e-02	1.242226e-02	
76	2.666400e-02	-1.24222e-02	
77	2.716400e-02	1.242227e-02	
78	2.766400e-02	-1.24222e-02	
79	2.816400e-02	1.242228e-02	
80	2.866400e-02	-1.24222e-02	
81	2.916400e-02	1.242228e-02	
82	2.966400e-02	-1.24222e-02	
83	3.016400e-02	1.242229e-02	
84	3.066400e-02	-1.24222e-02	
85	3.116400e-02	1.242229e-02	
86	3.166400e-02	-1.24222e-02	
87	3.216400e-02	1.242229e-02	
88	3.266400e-02	-1.24222e-02	
89	3.316400e-02	1.242229e-02	
90	3.366400e-02	-1.24222e-02	
91	3.416400e-02	1.374009e-02	
92	3.466400e-02	5.253707e-01	
93	3.488701e-02	5.167807e-01	
94	3.519291e-02	1.521509e-01	
95	3.544908e-02	2.390518e-02	
96	3.570109e-02	-7.82623e-03	
97	3.611520e-02	8.157734e-03	
98	3.651353e-02	-8.15240e-03	
99	3.701353e-02	8.157187e-03	
100	3.751353e-02	-8.15363e-03	
101	3.801353e-02	8.156253e-03	
102	3.851353e-02	-8.15587e-03	
103	3.901353e-02	8.155768e-03	
104	3.951353e-02	-8.15587e-03	
105	4.001353e-02	8.155773e-03	
106	4.051353e-02	-8.15586e-03	
107	4.101353e-02	8.155778e-03	
108	4.151353e-02	-8.15586e-03	
109	4.201353e-02	8.155783e-03	
110	4.251353e-02	-8.15588e-03	
111	4.301353e-02	8.155790e-03	
112	4.351353e-02	-8.15586e-03	

Index   time            i(vd3)          
--------------------------------------------------------------------------------
113	4.401353e-02	8.155816e-03	
114	4.451353e-02	-8.15583e-03	
115	4.501353e-02	8.155824e-03	
116	4.551353e-02	-8.15582e-03	
117	4.593974e-02	8.155836e-03	
118	4.634915e-02	-8.15584e-03	
119	4.684915e-02	8.155933e-03	
120	4.734915e-02	-8.15596e-03	
121	4.784915e-02	8.156003e-03	
122	4.834915e-02	-8.15595e-03	
123	4.884915e-02	8.156011e-03	
124	4.934915e-02	-8.15594e-03	
125	4.984915e-02	8.156016e-03	
126	5.034915e-02	-8.15594e-03	
127	5.084915e-02	8.156020e-03	
128	5.134915e-02	-8.15593e-03	
129	5.184915e-02	8.156020e-03	
130	5.234915e-02	-8.15593e-03	
131	5.284915e-02	8.156018e-03	
132	5.334915e-02	-8.15594e-03	
133	5.384915e-02	8.156182e-03	
134	5.434915e-02	3.817355e-02	
135	5.484915e-02	6.871446e-01	
136	5.534915e-02	1.549262e-02	
137	5.582985e-02	2.815913e-02	
138	5.630591e-02	-2.81399e-02	
139	5.680591e-02	2.814115e-02	
140	5.730591e-02	-2.81407e-02	
141	5.780591e-02	2.814075e-02	
142	5.830591e-02	-2.81408e-02	
143	5.880591e-02	2.814075e-02	
144	5.930591e-02	-2.81408e-02	
145	5.980591e-02	2.814075e-02	
146	6.030591e-02	-2.81408e-02	
147	6.080591e-02	2.814076e-02	
148	6.130591e-02	-2.81408e-02	
149	6.180591e-02	2.814077e-02	
150	6.230591e-02	-2.81408e-02	
151	6.280591e-02	2.814077e-02	
152	6.330591e-02	-2.81408e-02	
153	6.380591e-02	2.814077e-02	
154	6.430591e-02	-2.81408e-02	
155	6.480591e-02	2.814078e-02	
156	6.501831e-02	-2.81408e-02	
157	6.519183e-02	2.814079e-02	
158	6.539794e-02	-2.81408e-02	
159	6.559390e-02	2.814079e-02	
160	6.566155e-02	-2.81408e-02	
161	6.573351e-02	2.814079e-02	
162	6.582896e-02	-2.81408e-02	
163	6.597926e-02	2.814082e-02	
164	6.626624e-02	-2.81408e-02	
165	6.676624e-02	2.814093e-02	
166	6.726624e-02	-2.81410e-02	
167	6.776624e-02	2.814130e-02	
168	6.826624e-02	-2.81416e-02	
169	6.876624e-02	2.814211e-02	
170	6.926624e-02	-2.81427e-02	

Index   time            i(vd3)          
--------------------------------------------------------------------------------
171	6.976624e-02	2.814359e-02	
172	7.026624e-02	-2.81445e-02	
173	7.076624e-02	2.814477e-02	
174	7.126624e-02	-2.81447e-02	
175	7.176624e-02	2.814477e-02	
176	7.226624e-02	-2.81447e-02	
177	7.276624e-02	2.814481e-02	
178	7.326624e-02	-2.81447e-02	
179	7.376624e-02	2.814480e-02	
180	7.426624e-02	-1.27816e-02	
181	7.476624e-02	7.182843e-01	
182	7.526624e-02	6.027723e-02	
183	7.576624e-02	4.737994e-02	
184	7.626624e-02	-4.73058e-02	
185	7.676624e-02	4.731149e-02	
186	7.726624e-02	-4.73068e-02	
187	7.776624e-02	4.731064e-02	
188	7.826624e-02	-4.73090e-02	
189	7.876624e-02	4.730963e-02	
190	7.926624e-02	-4.73097e-02	
191	7.976624e-02	4.730964e-02	
192	8.026624e-02	-4.73097e-02	
193	8.076624e-02	4.730964e-02	
194	8.126624e-02	-4.73097e-02	
195	8.176624e-02	4.730965e-02	
196	8.226624e-02	-4.73097e-02	
197	8.276624e-02	4.730965e-02	
198	8.326624e-02	-4.73097e-02	
199	8.376624e-02	4.730968e-02	
200	8.426624e-02	-4.73097e-02	
201	8.476624e-02	4.730968e-02	
202	8.517461e-02	-4.73097e-02	
203	8.555843e-02	4.730969e-02	
204	8.595116e-02	-4.73097e-02	
205	8.645116e-02	4.730968e-02	
206	8.695116e-02	-4.73096e-02	
207	8.745116e-02	4.730952e-02	
208	8.795116e-02	-4.73095e-02	
209	8.845116e-02	4.730953e-02	
210	8.895116e-02	-4.73095e-02	
211	8.945116e-02	4.730954e-02	
212	8.995116e-02	-4.73095e-02	
213	9.045116e-02	4.730954e-02	
214	9.095116e-02	-4.73095e-02	
215	9.145116e-02	4.730954e-02	
216	9.195116e-02	-4.73095e-02	
217	9.245116e-02	4.730954e-02	
218	9.295116e-02	-4.73095e-02	
219	9.345116e-02	4.730954e-02	
220	9.395116e-02	-4.73041e-02	
221	9.445116e-02	2.245832e-01	
222	9.495116e-02	5.907802e-01	
223	9.545116e-02	4.277491e-02	
224	9.595116e-02	-3.18221e-02	
225	9.645116e-02	3.182315e-02	
226	9.695116e-02	-3.18229e-02	
227	9.745116e-02	3.182283e-02	
228	9.795116e-02	-3.18229e-02	

Index   time            i(vd3)          
--------------------------------------------------------------------------------
229	9.845116e-02	3.182283e-02	
230	9.895116e-02	-3.18229e-02	
231	9.945116e-02	3.182283e-02	
232	9.995116e-02	-3.18229e-02	
233	1.004512e-01	3.182284e-02	
234	1.009512e-01	-3.18229e-02	
235	1.014512e-01	3.182284e-02	
236	1.019512e-01	-3.18229e-02	
237	1.024512e-01	3.182285e-02	
238	1.029512e-01	-3.18229e-02	
239	1.034512e-01	3.182288e-02	
240	1.039512e-01	-3.18229e-02	
241	1.044512e-01	3.182287e-02	
242	1.049512e-01	-3.18229e-02	
243	1.052478e-01	3.182287e-02	
244	1.053465e-01	-3.18229e-02	
245	1.054794e-01	3.182288e-02	
246	1.055939e-01	-3.18229e-02	
247	1.057206e-01	3.182288e-02	
248	1.058547e-01	-3.18229e-02	
249	1.060643e-01	3.182288e-02	
250	1.064836e-01	-3.18229e-02	
251	1.069836e-01	3.182289e-02	
252	1.074836e-01	-3.18228e-02	
253	1.079836e-01	3.182290e-02	
254	1.084836e-01	-3.18228e-02	
255	1.089836e-01	3.182290e-02	
256	1.094836e-01	-3.18228e-02	
257	1.099836e-01	3.182291e-02	
258	1.104836e-01	-3.18228e-02	
259	1.109836e-01	3.182291e-02	
260	1.114836e-01	-3.18228e-02	
261	1.119836e-01	3.182291e-02	
262	1.124836e-01	-3.18228e-02	
263	1.129836e-01	3.182291e-02	
264	1.134836e-01	-3.18228e-02	
265	1.139836e-01	3.183862e-02	
266	1.144836e-01	2.334020e-01	
267	1.149836e-01	6.003907e-01	
268	1.154836e-01	-3.35446e-02	
269	1.159836e-01	4.213269e-02	
270	1.164836e-01	-4.21307e-02	
271	1.169836e-01	4.213228e-02	
272	1.174836e-01	-4.21318e-02	
273	1.179836e-01	4.213182e-02	
274	1.184836e-01	-4.21319e-02	
275	1.189836e-01	4.213182e-02	
276	1.194836e-01	-4.21319e-02	
277	1.199836e-01	4.213182e-02	
278	1.204836e-01	-4.21319e-02	
279	1.209836e-01	4.213183e-02	
280	1.214836e-01	-4.21319e-02	
281	1.219836e-01	4.213183e-02	
282	1.224836e-01	-4.21319e-02	
283	1.229836e-01	4.213184e-02	
284	1.234836e-01	-4.21319e-02	
285	1.239836e-01	4.213186e-02	
286	1.243692e-01	-4.21319e-02	

Index   time            i(vd3)          
--------------------------------------------------------------------------------
287	1.248260e-01	4.213186e-02	
288	1.252035e-01	-4.21319e-02	
289	1.255496e-01	4.213187e-02	
290	1.258950e-01	-4.21319e-02	
291	1.263950e-01	4.213190e-02	
292	1.268950e-01	-4.21319e-02	
293	1.273950e-01	4.213212e-02	
294	1.278950e-01	-4.21321e-02	
295	1.283950e-01	4.213213e-02	
296	1.288950e-01	-4.21321e-02	
297	1.293950e-01	4.213213e-02	
298	1.298950e-01	-4.21320e-02	
299	1.303950e-01	4.213214e-02	
300	1.308950e-01	-4.21320e-02	
301	1.313950e-01	4.213214e-02	
302	1.318950e-01	-4.21320e-02	
303	1.323950e-01	4.213214e-02	
304	1.328950e-01	-4.21320e-02	
305	1.333950e-01	4.213219e-02	
306	1.338950e-01	-4.21310e-02	
307	1.343950e-01	1.436471e-01	
308	1.348950e-01	6.601202e-01	
309	1.353950e-01	4.466422e-02	
310	1.358080e-01	-2.24420e-02	
311	1.362037e-01	2.247046e-02	
312	1.367037e-01	-2.24705e-02	
313	1.372037e-01	2.247043e-02	
314	1.377037e-01	-2.24705e-02	
315	1.382037e-01	2.247043e-02	
316	1.387037e-01	-2.24705e-02	
317	1.392037e-01	2.247043e-02	
318	1.397037e-01	-2.24705e-02	
319	1.402037e-01	2.247043e-02	
320	1.407037e-01	-2.24705e-02	
321	1.412037e-01	2.247044e-02	
322	1.417037e-01	-2.24705e-02	
323	1.422037e-01	2.247045e-02	
324	1.427037e-01	-2.24705e-02	
325	1.432037e-01	2.247046e-02	
326	1.437037e-01	-2.24705e-02	
327	1.442037e-01	2.247046e-02	
328	1.447037e-01	-2.24705e-02	
329	1.450154e-01	2.247047e-02	
330	1.452972e-01	-2.24705e-02	
331	1.456836e-01	2.247048e-02	
332	1.460402e-01	-2.24705e-02	
333	1.465326e-01	2.247053e-02	
334	1.470326e-01	-2.24706e-02	
335	1.475326e-01	2.247081e-02	
336	1.480326e-01	-2.24710e-02	
337	1.485326e-01	2.247134e-02	
338	1.490326e-01	-2.24713e-02	
339	1.495326e-01	2.247134e-02	
340	1.500326e-01	-2.24713e-02	
341	1.505326e-01	2.247135e-02	
342	1.510326e-01	-2.24713e-02	
343	1.515326e-01	2.247135e-02	
344	1.520326e-01	-2.24713e-02	

Index   time            i(vd3)          
--------------------------------------------------------------------------------
345	1.525326e-01	2.247135e-02	
346	1.530326e-01	-2.24712e-02	
347	1.535326e-01	2.247140e-02	
348	1.540326e-01	-2.24201e-02	
349	1.545326e-01	3.436755e-01	
350	1.550326e-01	4.676010e-01	
351	1.555326e-01	2.048365e-02	
352	1.560326e-01	-1.65017e-02	
353	1.564899e-01	1.650233e-02	
354	1.569899e-01	-1.65022e-02	
355	1.574899e-01	1.650212e-02	
356	1.579899e-01	-1.65022e-02	
357	1.584899e-01	1.650211e-02	
358	1.589899e-01	-1.65022e-02	
359	1.594899e-01	1.650212e-02	
360	1.599899e-01	-1.65022e-02	
361	1.604899e-01	1.650212e-02	
362	1.609899e-01	-1.65022e-02	
363	1.614899e-01	1.650213e-02	
364	1.619899e-01	-1.65022e-02	
365	1.624899e-01	1.650213e-02	
366	1.629899e-01	-1.65022e-02	
367	1.634899e-01	1.650212e-02	
368	1.639899e-01	-1.65022e-02	
369	1.644899e-01	1.650215e-02	
370	1.649899e-01	-1.65022e-02	
371	1.653239e-01	1.650216e-02	
372	1.654284e-01	-1.65021e-02	
373	1.655299e-01	1.650216e-02	
374	1.655882e-01	-1.65021e-02	
375	1.656560e-01	1.650216e-02	
376	1.657345e-01	-1.65021e-02	
377	1.658246e-01	1.650216e-02	
378	1.659597e-01	-1.65021e-02	
379	1.662093e-01	1.650214e-02	
380	1.667086e-01	-1.65021e-02	
381	1.672086e-01	1.650203e-02	
382	1.677086e-01	-1.65020e-02	
383	1.682086e-01	1.650204e-02	
384	1.687086e-01	-1.65020e-02	
385	1.692086e-01	1.650205e-02	
386	1.697086e-01	-1.65020e-02	
387	1.702086e-01	1.650205e-02	
388	1.707086e-01	-1.65020e-02	
389	1.712086e-01	1.650205e-02	
390	1.717086e-01	-1.65020e-02	
391	1.722086e-01	1.650205e-02	
392	1.727086e-01	-1.65020e-02	
393	1.732086e-01	1.650205e-02	
394	1.737086e-01	-1.65019e-02	
395	1.742086e-01	2.115723e-02	
396	1.747086e-01	6.269951e-01	
397	1.749289e-01	4.893772e-01	
398	1.752037e-01	1.454027e-01	
399	1.754765e-01	1.763371e-02	
400	1.757337e-01	-6.19764e-03	
401	1.761193e-01	6.384182e-03	
402	1.764850e-01	-6.36253e-03	

Index   time            i(vd3)          
--------------------------------------------------------------------------------
403	1.769850e-01	6.382936e-03	
404	1.774850e-01	-6.36428e-03	
405	1.779850e-01	6.381481e-03	
406	1.784850e-01	-6.36729e-03	
407	1.789850e-01	6.379518e-03	
408	1.794850e-01	-6.37178e-03	
409	1.799850e-01	6.377319e-03	
410	1.804850e-01	-6.37686e-03	
411	1.809850e-01	6.376778e-03	
412	1.814850e-01	-6.37685e-03	
413	1.819850e-01	6.376785e-03	
414	1.824850e-01	-6.37684e-03	
415	1.829850e-01	6.376775e-03	
416	1.834850e-01	-6.37685e-03	
417	1.839850e-01	6.376802e-03	
418	1.844850e-01	-6.37682e-03	
419	1.849656e-01	6.376809e-03	
420	1.853719e-01	-6.37681e-03	
421	1.856691e-01	6.376819e-03	
422	1.859505e-01	-6.37680e-03	
423	1.863537e-01	6.376809e-03	
424	1.868537e-01	-6.37677e-03	
425	1.873537e-01	6.376813e-03	
426	1.878537e-01	-6.37676e-03	
427	1.883537e-01	6.376821e-03	
428	1.888537e-01	-6.37676e-03	
429	1.893537e-01	6.376827e-03	
430	1.898537e-01	-6.37675e-03	
431	1.903537e-01	6.376832e-03	
432	1.908537e-01	-6.37675e-03	
433	1.913537e-01	6.376834e-03	
434	1.918537e-01	-6.37675e-03	
435	1.923537e-01	6.376833e-03	
436	1.928537e-01	-6.37675e-03	
437	1.933537e-01	6.376829e-03	
438	1.938537e-01	-6.37649e-03	
439	1.943537e-01	6.689126e-02	
440	1.948537e-01	7.072153e-01	
441	1.951886e-01	1.636462e-01	
442	1.954665e-01	2.564314e-02	
443	1.957400e-01	-1.22879e-02	
444	1.962400e-01	1.245072e-02	
445	1.967400e-01	-1.24487e-02	
446	1.972400e-01	1.245025e-02	
447	1.977400e-01	-1.24500e-02	
448	1.982400e-01	1.244988e-02	
449	1.987400e-01	-1.24500e-02	
450	1.992400e-01	1.244989e-02	
451	1.997400e-01	-1.24500e-02	
452	2.000000e-01	1.244989e-02	
