                            bridge-rectifier circuit
                            Transient Analysis  Thu Jan 20 11:40:33  2022
--------------------------------------------------------------------------------
Index   time            v(3)            
--------------------------------------------------------------------------------
0	0.000000e+00	-2.83780e-25	
1	5.000000e-06	2.593456e-12	
2	5.340773e-06	2.954359e-12	
3	6.022318e-06	3.748187e-12	
4	7.385410e-06	5.628932e-12	
5	1.011159e-05	1.058030e-11	
6	1.556396e-05	2.541654e-11	
7	2.646869e-05	7.710274e-11	
8	4.827815e-05	3.256131e-10	
9	7.484121e-05	1.744485e-09	
10	1.009710e-04	1.323909e-08	
11	1.286328e-04	1.475658e-07	
12	1.570166e-04	1.837992e-06	
13	1.861868e-04	2.470435e-05	
14	2.161656e-04	3.491973e-04	
15	2.469004e-04	4.175452e-03	
16	2.787544e-04	2.489726e-02	
17	3.144803e-04	8.645399e-02	
18	3.662192e-04	2.511920e-01	
19	4.214161e-04	5.024894e-01	
20	5.318098e-04	1.125492e+00	
21	7.048949e-04	2.223973e+00	
22	8.692095e-04	3.290444e+00	
23	1.135574e-03	4.992000e+00	
24	1.577287e-03	7.703364e+00	
25	2.077287e-03	1.055033e+01	
26	2.577287e-03	1.309416e+01	
27	3.077287e-03	1.527305e+01	
28	3.577287e-03	1.703513e+01	
29	4.077287e-03	1.834022e+01	
30	4.577287e-03	1.916470e+01	
31	5.077287e-03	1.952148e+01	
32	5.577287e-03	1.957957e+01	
33	6.077287e-03	1.956052e+01	
34	6.549004e-03	1.954207e+01	
35	6.987943e-03	1.952493e+01	
36	7.487943e-03	1.950541e+01	
37	7.987943e-03	1.948592e+01	
38	8.487943e-03	1.946644e+01	
39	8.987943e-03	1.944698e+01	
40	9.487943e-03	1.942755e+01	
41	9.987943e-03	1.940813e+01	
42	1.048794e-02	1.938873e+01	
43	1.098794e-02	1.936935e+01	
44	1.148794e-02	1.934999e+01	
45	1.198794e-02	1.933065e+01	
46	1.248794e-02	1.931133e+01	
47	1.298794e-02	1.929203e+01	
48	1.348794e-02	1.927275e+01	
49	1.398794e-02	1.925349e+01	
50	1.448794e-02	1.928908e+01	
51	1.498794e-02	1.946362e+01	
52	1.539704e-02	1.956473e+01	
53	1.569842e-02	1.955730e+01	
54	1.598356e-02	1.954619e+01	

Index   time            v(3)            
--------------------------------------------------------------------------------
55	1.638251e-02	1.953060e+01	
56	1.688251e-02	1.951108e+01	
57	1.738251e-02	1.949158e+01	
58	1.788251e-02	1.947210e+01	
59	1.838251e-02	1.945263e+01	
60	1.888251e-02	1.943319e+01	
61	1.938251e-02	1.941377e+01	
62	1.988251e-02	1.939436e+01	
63	2.038251e-02	1.937498e+01	
64	2.088251e-02	1.935561e+01	
65	2.138251e-02	1.933627e+01	
66	2.188251e-02	1.931694e+01	
67	2.238251e-02	1.929763e+01	
68	2.288251e-02	1.927835e+01	
69	2.338251e-02	1.925908e+01	
70	2.388251e-02	1.923983e+01	
71	2.438251e-02	1.924310e+01	
72	2.488251e-02	1.942083e+01	
73	2.533046e-02	1.956732e+01	
74	2.576358e-02	1.956205e+01	
75	2.616400e-02	1.954640e+01	
76	2.666400e-02	1.952687e+01	
77	2.716400e-02	1.950735e+01	
78	2.766400e-02	1.948785e+01	
79	2.816400e-02	1.946837e+01	
80	2.866400e-02	1.944891e+01	
81	2.916400e-02	1.942948e+01	
82	2.966400e-02	1.941006e+01	
83	3.016400e-02	1.939066e+01	
84	3.066400e-02	1.937127e+01	
85	3.116400e-02	1.935191e+01	
86	3.166400e-02	1.933257e+01	
87	3.216400e-02	1.931325e+01	
88	3.266400e-02	1.929394e+01	
89	3.316400e-02	1.927466e+01	
90	3.366400e-02	1.925540e+01	
91	3.416400e-02	1.923648e+01	
92	3.466400e-02	1.935196e+01	
93	3.488701e-02	1.945951e+01	
94	3.519291e-02	1.954989e+01	
95	3.544908e-02	1.956242e+01	
96	3.570109e-02	1.955459e+01	
97	3.611520e-02	1.953847e+01	
98	3.651353e-02	1.952291e+01	
99	3.701353e-02	1.950340e+01	
100	3.751353e-02	1.948391e+01	
101	3.801353e-02	1.946443e+01	
102	3.851353e-02	1.944498e+01	
103	3.901353e-02	1.942554e+01	
104	3.951353e-02	1.940613e+01	
105	4.001353e-02	1.938673e+01	
106	4.051353e-02	1.936735e+01	
107	4.101353e-02	1.934800e+01	
108	4.151353e-02	1.932866e+01	
109	4.201353e-02	1.930934e+01	
110	4.251353e-02	1.929004e+01	
111	4.301353e-02	1.927076e+01	
112	4.351353e-02	1.925150e+01	

Index   time            v(3)            
--------------------------------------------------------------------------------
113	4.401353e-02	1.923226e+01	
114	4.451353e-02	1.928608e+01	
115	4.501353e-02	1.947170e+01	
116	4.551353e-02	1.958335e+01	
117	4.593974e-02	1.956775e+01	
118	4.634915e-02	1.955174e+01	
119	4.684915e-02	1.953220e+01	
120	4.734915e-02	1.951267e+01	
121	4.784915e-02	1.949317e+01	
122	4.834915e-02	1.947369e+01	
123	4.884915e-02	1.945422e+01	
124	4.934915e-02	1.943478e+01	
125	4.984915e-02	1.941535e+01	
126	5.034915e-02	1.939595e+01	
127	5.084915e-02	1.937656e+01	
128	5.134915e-02	1.935720e+01	
129	5.184915e-02	1.933785e+01	
130	5.234915e-02	1.931852e+01	
131	5.284915e-02	1.929921e+01	
132	5.334915e-02	1.927992e+01	
133	5.384915e-02	1.926065e+01	
134	5.434915e-02	1.925298e+01	
135	5.484915e-02	1.941497e+01	
136	5.534915e-02	1.957114e+01	
137	5.582985e-02	1.956282e+01	
138	5.630591e-02	1.954421e+01	
139	5.680591e-02	1.952467e+01	
140	5.730591e-02	1.950516e+01	
141	5.780591e-02	1.948566e+01	
142	5.830591e-02	1.946619e+01	
143	5.880591e-02	1.944673e+01	
144	5.930591e-02	1.942729e+01	
145	5.980591e-02	1.940788e+01	
146	6.030591e-02	1.938848e+01	
147	6.080591e-02	1.936910e+01	
148	6.130591e-02	1.934974e+01	
149	6.180591e-02	1.933040e+01	
150	6.230591e-02	1.931108e+01	
151	6.280591e-02	1.929178e+01	
152	6.330591e-02	1.927249e+01	
153	6.380591e-02	1.925323e+01	
154	6.430591e-02	1.924011e+01	
155	6.480591e-02	1.939932e+01	
156	6.501831e-02	1.950363e+01	
157	6.519183e-02	1.954504e+01	
158	6.539794e-02	1.955749e+01	
159	6.559390e-02	1.955302e+01	
160	6.566155e-02	1.955047e+01	
161	6.573351e-02	1.954769e+01	
162	6.582896e-02	1.954397e+01	
163	6.597926e-02	1.953810e+01	
164	6.626624e-02	1.952689e+01	
165	6.676624e-02	1.950738e+01	
166	6.726624e-02	1.948789e+01	
167	6.776624e-02	1.946841e+01	
168	6.826624e-02	1.944896e+01	
169	6.876624e-02	1.942952e+01	
170	6.926624e-02	1.941011e+01	

Index   time            v(3)            
--------------------------------------------------------------------------------
171	6.976624e-02	1.939071e+01	
172	7.026624e-02	1.937133e+01	
173	7.076624e-02	1.935197e+01	
174	7.126624e-02	1.933262e+01	
175	7.176624e-02	1.931330e+01	
176	7.226624e-02	1.929400e+01	
177	7.276624e-02	1.927471e+01	
178	7.326624e-02	1.925545e+01	
179	7.376624e-02	1.923620e+01	
180	7.426624e-02	1.922081e+01	
181	7.476624e-02	1.937789e+01	
182	7.526624e-02	1.955306e+01	
183	7.576624e-02	1.956042e+01	
184	7.626624e-02	1.954089e+01	
185	7.676624e-02	1.952136e+01	
186	7.726624e-02	1.950185e+01	
187	7.776624e-02	1.948236e+01	
188	7.826624e-02	1.946289e+01	
189	7.876624e-02	1.944343e+01	
190	7.926624e-02	1.942400e+01	
191	7.976624e-02	1.940459e+01	
192	8.026624e-02	1.938519e+01	
193	8.076624e-02	1.936582e+01	
194	8.126624e-02	1.934646e+01	
195	8.176624e-02	1.932712e+01	
196	8.226624e-02	1.930781e+01	
197	8.276624e-02	1.928851e+01	
198	8.326624e-02	1.926923e+01	
199	8.376624e-02	1.924997e+01	
200	8.426624e-02	1.923386e+01	
201	8.476624e-02	1.938461e+01	
202	8.517461e-02	1.954118e+01	
203	8.555843e-02	1.956392e+01	
204	8.595116e-02	1.954923e+01	
205	8.645116e-02	1.952969e+01	
206	8.695116e-02	1.951017e+01	
207	8.745116e-02	1.949067e+01	
208	8.795116e-02	1.947119e+01	
209	8.845116e-02	1.945173e+01	
210	8.895116e-02	1.943228e+01	
211	8.945116e-02	1.941286e+01	
212	8.995116e-02	1.939346e+01	
213	9.045116e-02	1.937408e+01	
214	9.095116e-02	1.935471e+01	
215	9.145116e-02	1.933537e+01	
216	9.195116e-02	1.931604e+01	
217	9.245116e-02	1.929673e+01	
218	9.295116e-02	1.927745e+01	
219	9.345116e-02	1.925818e+01	
220	9.395116e-02	1.923893e+01	
221	9.445116e-02	1.926400e+01	
222	9.495116e-02	1.944848e+01	
223	9.545116e-02	1.958736e+01	
224	9.595116e-02	1.957051e+01	
225	9.645116e-02	1.955095e+01	
226	9.695116e-02	1.953141e+01	
227	9.745116e-02	1.951189e+01	
228	9.795116e-02	1.949239e+01	

Index   time            v(3)            
--------------------------------------------------------------------------------
229	9.845116e-02	1.947291e+01	
230	9.895116e-02	1.945344e+01	
231	9.945116e-02	1.943400e+01	
232	9.995116e-02	1.941458e+01	
233	1.004512e-01	1.939517e+01	
234	1.009512e-01	1.937579e+01	
235	1.014512e-01	1.935642e+01	
236	1.019512e-01	1.933707e+01	
237	1.024512e-01	1.931775e+01	
238	1.029512e-01	1.929844e+01	
239	1.034512e-01	1.927915e+01	
240	1.039512e-01	1.925988e+01	
241	1.044512e-01	1.927910e+01	
242	1.049512e-01	1.945128e+01	
243	1.052478e-01	1.954650e+01	
244	1.053465e-01	1.955140e+01	
245	1.054794e-01	1.955066e+01	
246	1.055939e-01	1.954703e+01	
247	1.057206e-01	1.954224e+01	
248	1.058547e-01	1.953702e+01	
249	1.060643e-01	1.952883e+01	
250	1.064836e-01	1.951246e+01	
251	1.069836e-01	1.949296e+01	
252	1.074836e-01	1.947348e+01	
253	1.079836e-01	1.945401e+01	
254	1.084836e-01	1.943457e+01	
255	1.089836e-01	1.941514e+01	
256	1.094836e-01	1.939574e+01	
257	1.099836e-01	1.937635e+01	
258	1.104836e-01	1.935698e+01	
259	1.109836e-01	1.933764e+01	
260	1.114836e-01	1.931831e+01	
261	1.119836e-01	1.929900e+01	
262	1.124836e-01	1.927971e+01	
263	1.129836e-01	1.926044e+01	
264	1.134836e-01	1.924119e+01	
265	1.139836e-01	1.922196e+01	
266	1.144836e-01	1.926903e+01	
267	1.149836e-01	1.945811e+01	
268	1.154836e-01	1.958030e+01	
269	1.159836e-01	1.956288e+01	
270	1.164836e-01	1.954333e+01	
271	1.169836e-01	1.952379e+01	
272	1.174836e-01	1.950428e+01	
273	1.179836e-01	1.948479e+01	
274	1.184836e-01	1.946531e+01	
275	1.189836e-01	1.944586e+01	
276	1.194836e-01	1.942642e+01	
277	1.199836e-01	1.940700e+01	
278	1.204836e-01	1.938760e+01	
279	1.209836e-01	1.936823e+01	
280	1.214836e-01	1.934887e+01	
281	1.219836e-01	1.932953e+01	
282	1.224836e-01	1.931021e+01	
283	1.229836e-01	1.929091e+01	
284	1.234836e-01	1.927163e+01	
285	1.239836e-01	1.925237e+01	
286	1.243692e-01	1.925038e+01	

Index   time            v(3)            
--------------------------------------------------------------------------------
287	1.248260e-01	1.940554e+01	
288	1.252035e-01	1.954759e+01	
289	1.255496e-01	1.956220e+01	
290	1.258950e-01	1.954937e+01	
291	1.263950e-01	1.952983e+01	
292	1.268950e-01	1.951031e+01	
293	1.273950e-01	1.949081e+01	
294	1.278950e-01	1.947133e+01	
295	1.283950e-01	1.945187e+01	
296	1.288950e-01	1.943243e+01	
297	1.293950e-01	1.941301e+01	
298	1.298950e-01	1.939360e+01	
299	1.303950e-01	1.937422e+01	
300	1.308950e-01	1.935485e+01	
301	1.313950e-01	1.933551e+01	
302	1.318950e-01	1.931618e+01	
303	1.323950e-01	1.929688e+01	
304	1.328950e-01	1.927759e+01	
305	1.333950e-01	1.925832e+01	
306	1.338950e-01	1.923907e+01	
307	1.343950e-01	1.924521e+01	
308	1.348950e-01	1.942682e+01	
309	1.353950e-01	1.958351e+01	
310	1.358080e-01	1.957193e+01	
311	1.362037e-01	1.955645e+01	
312	1.367037e-01	1.953690e+01	
313	1.372037e-01	1.951737e+01	
314	1.377037e-01	1.949787e+01	
315	1.382037e-01	1.947838e+01	
316	1.387037e-01	1.945891e+01	
317	1.392037e-01	1.943946e+01	
318	1.397037e-01	1.942003e+01	
319	1.402037e-01	1.940062e+01	
320	1.407037e-01	1.938123e+01	
321	1.412037e-01	1.936186e+01	
322	1.417037e-01	1.934251e+01	
323	1.422037e-01	1.932317e+01	
324	1.427037e-01	1.930386e+01	
325	1.432037e-01	1.928456e+01	
326	1.437037e-01	1.926529e+01	
327	1.442037e-01	1.924673e+01	
328	1.447037e-01	1.937122e+01	
329	1.450154e-01	1.950564e+01	
330	1.452972e-01	1.955843e+01	
331	1.456836e-01	1.955841e+01	
332	1.460402e-01	1.954454e+01	
333	1.465326e-01	1.952530e+01	
334	1.470326e-01	1.950579e+01	
335	1.475326e-01	1.948629e+01	
336	1.480326e-01	1.946682e+01	
337	1.485326e-01	1.944736e+01	
338	1.490326e-01	1.942792e+01	
339	1.495326e-01	1.940851e+01	
340	1.500326e-01	1.938911e+01	
341	1.505326e-01	1.936973e+01	
342	1.510326e-01	1.935037e+01	
343	1.515326e-01	1.933103e+01	
344	1.520326e-01	1.931171e+01	

Index   time            v(3)            
--------------------------------------------------------------------------------
345	1.525326e-01	1.929240e+01	
346	1.530326e-01	1.927312e+01	
347	1.535326e-01	1.925386e+01	
348	1.540326e-01	1.923463e+01	
349	1.545326e-01	1.929567e+01	
350	1.550326e-01	1.947911e+01	
351	1.555326e-01	1.958160e+01	
352	1.560326e-01	1.956302e+01	
353	1.564899e-01	1.954513e+01	
354	1.569899e-01	1.952560e+01	
355	1.574899e-01	1.950608e+01	
356	1.579899e-01	1.948659e+01	
357	1.584899e-01	1.946711e+01	
358	1.589899e-01	1.944765e+01	
359	1.594899e-01	1.942822e+01	
360	1.599899e-01	1.940880e+01	
361	1.604899e-01	1.938940e+01	
362	1.609899e-01	1.937002e+01	
363	1.614899e-01	1.935066e+01	
364	1.619899e-01	1.933132e+01	
365	1.624899e-01	1.931199e+01	
366	1.629899e-01	1.929269e+01	
367	1.634899e-01	1.927341e+01	
368	1.639899e-01	1.925415e+01	
369	1.644899e-01	1.928988e+01	
370	1.649899e-01	1.946464e+01	
371	1.653239e-01	1.955336e+01	
372	1.654284e-01	1.955384e+01	
373	1.655299e-01	1.955131e+01	
374	1.655882e-01	1.954928e+01	
375	1.656560e-01	1.954675e+01	
376	1.657345e-01	1.954371e+01	
377	1.658246e-01	1.954020e+01	
378	1.659597e-01	1.953493e+01	
379	1.662093e-01	1.952518e+01	
380	1.667086e-01	1.950569e+01	
381	1.672086e-01	1.948619e+01	
382	1.677086e-01	1.946672e+01	
383	1.682086e-01	1.944726e+01	
384	1.687086e-01	1.942782e+01	
385	1.692086e-01	1.940840e+01	
386	1.697086e-01	1.938900e+01	
387	1.702086e-01	1.936962e+01	
388	1.707086e-01	1.935026e+01	
389	1.712086e-01	1.933092e+01	
390	1.717086e-01	1.931160e+01	
391	1.722086e-01	1.929230e+01	
392	1.727086e-01	1.927302e+01	
393	1.732086e-01	1.925376e+01	
394	1.737086e-01	1.923451e+01	
395	1.742086e-01	1.921645e+01	
396	1.747086e-01	1.935920e+01	
397	1.749289e-01	1.947358e+01	
398	1.752037e-01	1.955009e+01	
399	1.754765e-01	1.956166e+01	
400	1.757337e-01	1.955307e+01	
401	1.761193e-01	1.953803e+01	
402	1.764850e-01	1.952375e+01	

Index   time            v(3)            
--------------------------------------------------------------------------------
403	1.769850e-01	1.950424e+01	
404	1.774850e-01	1.948475e+01	
405	1.779850e-01	1.946528e+01	
406	1.784850e-01	1.944583e+01	
407	1.789850e-01	1.942640e+01	
408	1.794850e-01	1.940698e+01	
409	1.799850e-01	1.938759e+01	
410	1.804850e-01	1.936821e+01	
411	1.809850e-01	1.934885e+01	
412	1.814850e-01	1.932951e+01	
413	1.819850e-01	1.931019e+01	
414	1.824850e-01	1.929089e+01	
415	1.829850e-01	1.927161e+01	
416	1.834850e-01	1.925235e+01	
417	1.839850e-01	1.923311e+01	
418	1.844850e-01	1.927529e+01	
419	1.849656e-01	1.945627e+01	
420	1.853719e-01	1.956429e+01	
421	1.856691e-01	1.955828e+01	
422	1.859505e-01	1.954736e+01	
423	1.863537e-01	1.953160e+01	
424	1.868537e-01	1.951208e+01	
425	1.873537e-01	1.949258e+01	
426	1.878537e-01	1.947309e+01	
427	1.883537e-01	1.945363e+01	
428	1.888537e-01	1.943419e+01	
429	1.893537e-01	1.941476e+01	
430	1.898537e-01	1.939536e+01	
431	1.903537e-01	1.937597e+01	
432	1.908537e-01	1.935661e+01	
433	1.913537e-01	1.933726e+01	
434	1.918537e-01	1.931793e+01	
435	1.923537e-01	1.929862e+01	
436	1.928537e-01	1.927933e+01	
437	1.933537e-01	1.926006e+01	
438	1.938537e-01	1.924081e+01	
439	1.943537e-01	1.923670e+01	
440	1.948537e-01	1.941091e+01	
441	1.951886e-01	1.954366e+01	
442	1.954665e-01	1.955910e+01	
443	1.957400e-01	1.955023e+01	
444	1.962400e-01	1.953073e+01	
445	1.967400e-01	1.951121e+01	
446	1.972400e-01	1.949171e+01	
447	1.977400e-01	1.947222e+01	
448	1.982400e-01	1.945276e+01	
449	1.987400e-01	1.943332e+01	
450	1.992400e-01	1.941389e+01	
451	1.997400e-01	1.939449e+01	
452	2.000000e-01	1.938441e+01	
