
Circuit: rc circuit transient analysis

                         rc circuit transient analysis
                         Transient Analysis  Wed Jan 12 19:40:14  2022
--------------------------------------------------------------------------------
Index   time            v(2)            
--------------------------------------------------------------------------------
0	0.000000e+00	0.000000e+00	
1	1.000000e-05	4.950495e-04	
2	1.084560e-05	5.404477e-04	
3	1.253680e-05	6.383117e-04	
4	1.591920e-05	8.763740e-04	
5	2.268400e-05	1.521122e-03	
6	3.621360e-05	3.479447e-03	
7	6.327280e-05	1.002677e-02	
8	1.173912e-04	3.329756e-02	
9	2.256280e-04	1.179315e-01	
10	4.421016e-04	4.209674e-01	
11	8.750488e-04	1.443090e+00	
12	1.000000e-03	1.824659e+00	
13	1.070790e-03	2.034582e+00	
14	1.212371e-03	2.426672e+00	
15	1.495532e-03	3.064968e+00	
16	2.061855e-03	3.918993e+00	
17	3.061855e-03	4.639664e+00	
18	4.061855e-03	4.879888e+00	
19	5.061855e-03	4.959963e+00	
20	6.061855e-03	4.986654e+00	
21	7.061855e-03	4.995551e+00	
22	8.061855e-03	4.998517e+00	
23	9.061855e-03	4.999506e+00	
24	1.006185e-02	4.999835e+00	
25	1.100000e-02	4.999940e+00	
26	1.110000e-02	4.954491e+00	
27	1.130000e-02	4.780947e+00	
28	1.170000e-02	4.020632e+00	
29	1.200000e-02	3.167423e+00	
30	1.208000e-02	2.932799e+00	
31	1.224000e-02	2.498311e+00	
32	1.256000e-02	1.809121e+00	
33	1.320000e-02	9.319717e-01	
34	1.389930e-02	4.490868e-01	
35	1.452921e-02	2.339563e-01	
36	1.522275e-02	1.134770e-01	
37	1.587249e-02	5.782631e-02	
38	1.656006e-02	2.823843e-02	
39	1.721263e-02	1.434431e-02	
40	1.789254e-02	7.065859e-03	
41	1.855015e-02	3.569031e-03	
42	1.922734e-02	1.763472e-03	
43	1.988826e-02	8.874453e-04	
44	2.000000e-02	7.935320e-04	
45	2.000259e-02	8.250589e-04	
46	2.000778e-02	9.551106e-04	
47	2.001816e-02	1.615127e-03	
48	2.003522e-02	3.844594e-03	
49	2.006933e-02	1.248095e-02	
50	2.013754e-02	4.577440e-02	
51	2.027398e-02	1.713288e-01	
52	2.054685e-02	6.229110e-01	
53	2.100000e-02	1.821468e+00	
54	2.105375e-02	1.983603e+00	

Index   time            v(2)            
--------------------------------------------------------------------------------
55	2.116125e-02	2.291334e+00	
56	2.137626e-02	2.817182e+00	
57	2.180627e-02	3.589718e+00	
58	2.266629e-02	4.437875e+00	
59	2.366629e-02	4.812625e+00	
60	2.466629e-02	4.937542e+00	
61	2.566629e-02	4.979181e+00	
62	2.666629e-02	4.993060e+00	
63	2.766629e-02	4.997687e+00	
64	2.866629e-02	4.999229e+00	
65	2.966629e-02	4.999743e+00	
66	3.066629e-02	4.999914e+00	
67	3.100000e-02	4.999939e+00	
68	3.110000e-02	4.954490e+00	
69	3.130000e-02	4.780946e+00	
70	3.170000e-02	4.020631e+00	
71	3.200000e-02	3.167423e+00	
72	3.208000e-02	2.932799e+00	
73	3.224000e-02	2.498310e+00	
74	3.256000e-02	1.809121e+00	
75	3.320000e-02	9.319715e-01	
76	3.389930e-02	4.490867e-01	
77	3.452921e-02	2.339562e-01	
78	3.522275e-02	1.134770e-01	
79	3.587249e-02	5.782630e-02	
80	3.656006e-02	2.823843e-02	
81	3.721263e-02	1.434431e-02	
82	3.789254e-02	7.065858e-03	
83	3.855015e-02	3.569030e-03	
84	3.922734e-02	1.763471e-03	
85	3.988826e-02	8.874452e-04	
86	4.000000e-02	7.935319e-04	
87	4.000259e-02	8.250587e-04	
88	4.000778e-02	9.551105e-04	
89	4.001816e-02	1.615127e-03	
90	4.003522e-02	3.844594e-03	
91	4.006933e-02	1.248095e-02	
92	4.013754e-02	4.577440e-02	
93	4.027398e-02	1.713288e-01	
94	4.054685e-02	6.229110e-01	
95	4.100000e-02	1.821468e+00	
96	4.105375e-02	1.983603e+00	
97	4.116125e-02	2.291334e+00	
98	4.137626e-02	2.817182e+00	
99	4.180627e-02	3.589718e+00	
100	4.266629e-02	4.437875e+00	
101	4.366629e-02	4.812625e+00	
102	4.466629e-02	4.937542e+00	
103	4.566629e-02	4.979181e+00	
104	4.666629e-02	4.993060e+00	
105	4.766629e-02	4.997687e+00	
106	4.866629e-02	4.999229e+00	
107	4.966629e-02	4.999743e+00	
108	5.066629e-02	4.999914e+00	
109	5.100000e-02	4.999939e+00	
110	5.110000e-02	4.954490e+00	
111	5.130000e-02	4.780946e+00	
112	5.170000e-02	4.020631e+00	

Index   time            v(2)            
--------------------------------------------------------------------------------
113	5.200000e-02	3.167423e+00	
114	5.208000e-02	2.932799e+00	
115	5.224000e-02	2.498310e+00	
116	5.256000e-02	1.809121e+00	
117	5.320000e-02	9.319715e-01	
118	5.389930e-02	4.490867e-01	
119	5.452921e-02	2.339562e-01	
120	5.522275e-02	1.134770e-01	
121	5.587249e-02	5.782630e-02	
122	5.656006e-02	2.823843e-02	
123	5.721263e-02	1.434431e-02	
124	5.789254e-02	7.065858e-03	
125	5.855015e-02	3.569030e-03	
126	5.922734e-02	1.763471e-03	
127	5.988826e-02	8.874452e-04	
128	6.000000e-02	7.935319e-04	
129	6.000259e-02	8.250587e-04	
130	6.000778e-02	9.551105e-04	
131	6.001816e-02	1.615127e-03	
132	6.003522e-02	3.844594e-03	
133	6.006933e-02	1.248095e-02	
134	6.013754e-02	4.577440e-02	
135	6.027398e-02	1.713288e-01	
136	6.054685e-02	6.229110e-01	
137	6.100000e-02	1.821468e+00	
138	6.105375e-02	1.983603e+00	
139	6.116125e-02	2.291334e+00	
140	6.137626e-02	2.817182e+00	
141	6.180627e-02	3.589718e+00	
142	6.266629e-02	4.437875e+00	
143	6.366629e-02	4.812625e+00	
144	6.466629e-02	4.937542e+00	
145	6.566629e-02	4.979181e+00	
146	6.666629e-02	4.993060e+00	
147	6.766629e-02	4.997687e+00	
148	6.866629e-02	4.999229e+00	
149	6.966629e-02	4.999743e+00	
150	7.066629e-02	4.999914e+00	
151	7.100000e-02	4.999939e+00	
152	7.110000e-02	4.954490e+00	
153	7.130000e-02	4.780946e+00	
154	7.170000e-02	4.020631e+00	
155	7.200000e-02	3.167423e+00	
156	7.208000e-02	2.932799e+00	
157	7.224000e-02	2.498310e+00	
158	7.256000e-02	1.809121e+00	
159	7.320000e-02	9.319715e-01	
160	7.389930e-02	4.490867e-01	
161	7.452921e-02	2.339562e-01	
162	7.522275e-02	1.134770e-01	
163	7.587249e-02	5.782630e-02	
164	7.656006e-02	2.823843e-02	
165	7.721263e-02	1.434431e-02	
166	7.789254e-02	7.065858e-03	
167	7.855015e-02	3.569030e-03	
168	7.922734e-02	1.763471e-03	
169	7.988826e-02	8.874452e-04	
170	8.000000e-02	7.935319e-04	

Index   time            v(2)            
--------------------------------------------------------------------------------
171	8.000259e-02	8.250587e-04	
172	8.000778e-02	9.551105e-04	
173	8.001816e-02	1.615127e-03	
174	8.003522e-02	3.844594e-03	
175	8.006933e-02	1.248095e-02	
176	8.013754e-02	4.577440e-02	
177	8.027398e-02	1.713288e-01	
178	8.054685e-02	6.229110e-01	
179	8.100000e-02	1.821468e+00	
180	8.105375e-02	1.983603e+00	
181	8.116125e-02	2.291334e+00	
182	8.137626e-02	2.817182e+00	
183	8.180627e-02	3.589718e+00	
184	8.266629e-02	4.437875e+00	
185	8.366629e-02	4.812625e+00	
186	8.466629e-02	4.937542e+00	
187	8.566629e-02	4.979181e+00	
188	8.666629e-02	4.993060e+00	
189	8.766629e-02	4.997687e+00	
190	8.866629e-02	4.999229e+00	
191	8.966629e-02	4.999743e+00	
192	9.066629e-02	4.999914e+00	
193	9.100000e-02	4.999939e+00	
194	9.110000e-02	4.954490e+00	
195	9.130000e-02	4.780946e+00	
196	9.170000e-02	4.020631e+00	
197	9.200000e-02	3.167423e+00	
198	9.208000e-02	2.932799e+00	
199	9.224000e-02	2.498310e+00	
200	9.256000e-02	1.809121e+00	
201	9.320000e-02	9.319715e-01	
202	9.389930e-02	4.490867e-01	
203	9.452921e-02	2.339562e-01	
204	9.522275e-02	1.134770e-01	
205	9.587249e-02	5.782630e-02	
206	9.656006e-02	2.823843e-02	
207	9.721263e-02	1.434431e-02	
208	9.789254e-02	7.065858e-03	
209	9.855015e-02	3.569030e-03	
210	9.922734e-02	1.763471e-03	
211	9.988826e-02	8.874452e-04	
212	1.000000e-01	7.935319e-04	
