
Circuit: rc circuit transient analysis

                         rc circuit transient analysis
                         AC Analysis  Thu Jan 13 12:10:47  2022
--------------------------------------------------------------------------------
Index   frequency       vdb(3)          
--------------------------------------------------------------------------------
0	1.000000e-07	-2.04036e+02	
1	1.258925e-07	-2.02036e+02	
2	1.584893e-07	-2.00036e+02	
3	1.995262e-07	-1.98036e+02	
4	2.511886e-07	-1.96036e+02	
5	3.162278e-07	-1.94036e+02	
6	3.981072e-07	-1.92036e+02	
7	5.011872e-07	-1.90036e+02	
8	6.309573e-07	-1.88036e+02	
9	7.943282e-07	-1.86036e+02	
10	1.000000e-06	-1.84036e+02	
11	1.258925e-06	-1.82036e+02	
12	1.584893e-06	-1.80036e+02	
13	1.995262e-06	-1.78036e+02	
14	2.511886e-06	-1.76036e+02	
15	3.162278e-06	-1.74036e+02	
16	3.981072e-06	-1.72036e+02	
17	5.011872e-06	-1.70036e+02	
18	6.309573e-06	-1.68036e+02	
19	7.943282e-06	-1.66036e+02	
20	1.000000e-05	-1.64036e+02	
21	1.258925e-05	-1.62036e+02	
22	1.584893e-05	-1.60036e+02	
23	1.995262e-05	-1.58036e+02	
24	2.511886e-05	-1.56036e+02	
25	3.162278e-05	-1.54036e+02	
26	3.981072e-05	-1.52036e+02	
27	5.011872e-05	-1.50036e+02	
28	6.309573e-05	-1.48036e+02	
29	7.943282e-05	-1.46036e+02	
30	1.000000e-04	-1.44036e+02	
31	1.258925e-04	-1.42036e+02	
32	1.584893e-04	-1.40036e+02	
33	1.995262e-04	-1.38036e+02	
34	2.511886e-04	-1.36036e+02	
35	3.162278e-04	-1.34036e+02	
36	3.981072e-04	-1.32036e+02	
37	5.011872e-04	-1.30036e+02	
38	6.309573e-04	-1.28036e+02	
39	7.943282e-04	-1.26036e+02	
40	1.000000e-03	-1.24036e+02	
41	1.258925e-03	-1.22036e+02	
42	1.584893e-03	-1.20036e+02	
43	1.995262e-03	-1.18036e+02	
44	2.511886e-03	-1.16036e+02	
45	3.162278e-03	-1.14036e+02	
46	3.981072e-03	-1.12036e+02	
47	5.011872e-03	-1.10036e+02	
48	6.309573e-03	-1.08036e+02	
49	7.943282e-03	-1.06036e+02	
50	1.000000e-02	-1.04036e+02	
51	1.258925e-02	-1.02036e+02	
52	1.584893e-02	-1.00036e+02	
53	1.995262e-02	-9.80364e+01	
54	2.511886e-02	-9.60364e+01	

Index   frequency       vdb(3)          
--------------------------------------------------------------------------------
55	3.162278e-02	-9.40364e+01	
56	3.981072e-02	-9.20364e+01	
57	5.011872e-02	-9.00364e+01	
58	6.309573e-02	-8.80364e+01	
59	7.943282e-02	-8.60364e+01	
60	1.000000e-01	-8.40364e+01	
61	1.258925e-01	-8.20364e+01	
62	1.584893e-01	-8.00364e+01	
63	1.995262e-01	-7.80364e+01	
64	2.511886e-01	-7.60364e+01	
65	3.162278e-01	-7.40364e+01	
66	3.981072e-01	-7.20364e+01	
67	5.011872e-01	-7.00364e+01	
68	6.309573e-01	-6.80364e+01	
69	7.943282e-01	-6.60364e+01	
70	1.000000e+00	-6.40364e+01	
71	1.258925e+00	-6.20364e+01	
72	1.584893e+00	-6.00364e+01	
73	1.995262e+00	-5.80364e+01	
74	2.511886e+00	-5.60364e+01	
75	3.162278e+00	-5.40364e+01	
76	3.981072e+00	-5.20364e+01	
77	5.011872e+00	-5.00364e+01	
78	6.309573e+00	-4.80365e+01	
79	7.943282e+00	-4.60365e+01	
80	1.000000e+01	-4.40365e+01	
81	1.258925e+01	-4.20366e+01	
82	1.584893e+01	-4.00367e+01	
83	1.995262e+01	-3.80369e+01	
84	2.511886e+01	-3.60373e+01	
85	3.162278e+01	-3.40378e+01	
86	3.981072e+01	-3.20386e+01	
87	5.011872e+01	-3.00398e+01	
88	6.309573e+01	-2.80419e+01	
89	7.943282e+01	-2.60450e+01	
90	1.000000e+02	-2.40501e+01	
91	1.258925e+02	-2.20581e+01	
92	1.584893e+02	-2.00707e+01	
93	1.995262e+02	-1.80907e+01	
94	2.511886e+02	-1.61221e+01	
95	3.162278e+02	-1.41715e+01	
96	3.981072e+02	-1.22487e+01	
97	5.011872e+02	-1.03683e+01	
98	6.309573e+02	-8.55171e+00	
99	7.943282e+02	-6.82783e+00	
100	1.000000e+03	-5.23353e+00	
101	1.258925e+03	-3.81023e+00	
102	1.584893e+03	-2.59674e+00	
103	1.995262e+03	-1.61962e+00	
104	2.511886e+03	-8.86206e-01	
105	3.162278e+03	-3.85333e-01	
106	3.981072e+03	-9.61763e-02	
107	5.011872e+03	-3.05128e-05	
108	6.309573e+03	-8.93778e-02	
109	7.943282e+03	-3.71227e-01	
110	1.000000e+04	-8.64006e-01	
111	1.258925e+04	-1.58867e+00	
112	1.584893e+04	-2.55691e+00	

Index   frequency       vdb(3)          
--------------------------------------------------------------------------------
113	1.995262e+04	-3.76217e+00	
114	2.511886e+04	-5.17847e+00	
115	3.162278e+04	-6.76728e+00	
116	3.981072e+04	-8.48713e+00	
117	5.011872e+04	-1.03010e+01	
118	6.309573e+04	-1.21794e+01	
119	7.943282e+04	-1.41010e+01	
120	1.000000e+05	-1.60508e+01	
121	1.258925e+05	-1.80188e+01	
122	1.584893e+05	-1.99985e+01	
123	1.995262e+05	-2.19856e+01	
124	2.511886e+05	-2.39775e+01	
125	3.162278e+05	-2.59724e+01	
126	3.981072e+05	-2.79691e+01	
127	5.011872e+05	-2.99671e+01	
128	6.309573e+05	-3.19658e+01	
129	7.943282e+05	-3.39650e+01	
130	1.000000e+06	-3.59645e+01	
131	1.258925e+06	-3.79642e+01	
132	1.584893e+06	-3.99639e+01	
133	1.995262e+06	-4.19638e+01	
134	2.511886e+06	-4.39637e+01	
135	3.162278e+06	-4.59637e+01	
136	3.981072e+06	-4.79637e+01	
137	5.011872e+06	-4.99636e+01	
138	6.309573e+06	-5.19636e+01	
139	7.943282e+06	-5.39636e+01	
140	1.000000e+07	-5.59636e+01	
