
Circuit: improved-half-wave-rectifier-a

                         improved-half-wave-rectifier-a
                         Transient Analysis  Fri Jan 28 22:45:00  2022
--------------------------------------------------------------------------------
Index   time            v(1)            v(3)            
--------------------------------------------------------------------------------
0	0.000000e+00	0.000000e+00	8.569207e-04	
1	2.000000e-07	6.283184e-03	-3.55527e-04	
2	2.017638e-07	6.338596e-03	-3.66316e-04	
3	2.052915e-07	6.449420e-03	-3.88086e-04	
4	2.123468e-07	6.671069e-03	-4.32803e-04	
5	2.264574e-07	7.114366e-03	-5.27112e-04	
6	2.546786e-07	8.000960e-03	-7.36259e-04	
7	3.111210e-07	9.774148e-03	-1.24145e-03	
8	4.091990e-07	1.285535e-02	-2.39983e-03	
9	5.221421e-07	1.640355e-02	-4.15234e-03	
10	6.965363e-07	2.188226e-02	-7.59550e-03	
11	9.627844e-07	3.024658e-02	-1.41128e-02	
12	1.261232e-06	3.962236e-02	-2.25954e-02	
13	1.638449e-06	5.147249e-02	-3.42803e-02	
14	2.032949e-06	6.386525e-02	-4.70864e-02	
15	2.581217e-06	8.108776e-02	-6.52236e-02	
16	2.893178e-06	9.088686e-02	-7.54437e-02	
17	3.086667e-06	9.696441e-02	-8.14741e-02	
18	3.218521e-06	1.011059e-01	-8.51980e-02	
19	3.328138e-06	1.045489e-01	-8.77990e-02	
20	3.433397e-06	1.078550e-01	-8.95680e-02	
21	3.564851e-06	1.119837e-01	-9.01672e-02	
22	3.691705e-06	1.159679e-01	-8.83677e-02	
23	3.822503e-06	1.200759e-01	-8.34108e-02	
24	3.965849e-06	1.245779e-01	-7.40580e-02	
25	4.119085e-06	1.293904e-01	-5.99006e-02	
26	4.294660e-06	1.349044e-01	-3.97781e-02	
27	4.473062e-06	1.405069e-01	-1.70192e-02	
28	4.638896e-06	1.457146e-01	4.535058e-03	
29	4.805152e-06	1.509354e-01	2.529460e-02	
30	5.009873e-06	1.573638e-01	4.866161e-02	
31	5.279317e-06	1.658242e-01	7.504700e-02	
32	5.539674e-06	1.739989e-01	9.599104e-02	
33	5.824779e-06	1.829500e-01	1.147178e-01	
34	6.144243e-06	1.929791e-01	1.318982e-01	
35	6.566612e-06	2.062377e-01	1.507122e-01	
36	7.021171e-06	2.205050e-01	1.681088e-01	
37	7.452295e-06	2.340352e-01	1.832192e-01	
38	7.955215e-06	2.498164e-01	2.000505e-01	
39	8.561405e-06	2.688348e-01	2.198110e-01	
40	9.388472e-06	2.947765e-01	2.463867e-01	
41	1.049970e-05	3.296185e-01	2.818081e-01	
42	1.223333e-05	3.839430e-01	3.367788e-01	
43	1.515518e-05	4.753947e-01	4.289696e-01	
44	2.099887e-05	6.577867e-01	6.123081e-01	
45	2.747492e-05	8.588694e-01	8.140127e-01	
46	3.740761e-05	1.164404e+00	1.120452e+00	
47	4.796599e-05	1.484188e+00	1.441151e+00	
48	6.796599e-05	2.070905e+00	2.029976e+00	
49	8.664029e-05	2.589426e+00	2.550943e+00	
50	1.066403e-04	3.105090e+00	3.069746e+00	
51	1.266403e-04	3.571784e+00	3.540105e+00	
52	1.466403e-04	3.982149e+00	3.954573e+00	
53	1.666403e-04	4.329713e+00	4.306687e+00	
54	1.866403e-04	4.608995e+00	4.590810e+00	

Index   time            v(1)            v(3)            
--------------------------------------------------------------------------------
55	2.066403e-04	4.815590e+00	4.802567e+00	
56	2.266403e-04	4.946241e+00	4.938504e+00	
57	2.466403e-04	4.998886e+00	4.996605e+00	
58	2.666403e-04	4.972696e+00	4.975824e+00	
59	2.866403e-04	4.868084e+00	4.876628e+00	
60	3.066403e-04	4.686699e+00	4.700442e+00	
61	3.266403e-04	4.431402e+00	4.450191e+00	
62	3.466403e-04	4.106219e+00	4.129678e+00	
63	3.666403e-04	3.716279e+00	3.744107e+00	
64	3.866403e-04	3.267730e+00	3.299419e+00	
65	4.066403e-04	2.767648e+00	2.802777e+00	
66	4.266403e-04	2.223918e+00	2.261888e+00	
67	4.466403e-04	1.645116e+00	1.685453e+00	
68	4.666403e-04	1.040369e+00	1.082561e+00	
69	4.866403e-04	4.192149e-01	4.633440e-01	
70	4.935254e-04	2.033495e-01	2.496981e-01	
71	4.968173e-04	9.997947e-02	1.493465e-01	
72	4.984372e-04	4.909572e-02	1.021273e-01	
73	4.994581e-04	1.702361e-02	7.506755e-02	
74	5.001278e-04	-4.01340e-03	6.001928e-02	
75	5.005971e-04	-1.87597e-02	5.212098e-02	
76	5.011679e-04	-3.66912e-02	4.779800e-02	
77	5.016108e-04	-5.06050e-02	4.972191e-02	
78	5.019002e-04	-5.96954e-02	5.374356e-02	
79	5.022562e-04	-7.08790e-02	6.121027e-02	
80	5.026048e-04	-8.18277e-02	7.047186e-02	
81	5.031168e-04	-9.79101e-02	8.601276e-02	
82	5.035708e-04	-1.12171e-01	1.006629e-01	
83	5.037890e-04	-1.19024e-01	1.076725e-01	
84	5.039839e-04	-1.25143e-01	1.136378e-01	
85	5.042192e-04	-1.32534e-01	1.202250e-01	
86	5.043163e-04	-1.35585e-01	1.227440e-01	
87	5.044041e-04	-1.38340e-01	1.249565e-01	
88	5.045208e-04	-1.42006e-01	1.278695e-01	
89	5.046593e-04	-1.46355e-01	1.313616e-01	
90	5.047369e-04	-1.48792e-01	1.333581e-01	
91	5.048056e-04	-1.50951e-01	1.351607e-01	
92	5.048842e-04	-1.53417e-01	1.372611e-01	
93	5.049717e-04	-1.56166e-01	1.396527e-01	
94	5.050595e-04	-1.58921e-01	1.421003e-01	
95	5.051561e-04	-1.61955e-01	1.448479e-01	
96	5.052636e-04	-1.65331e-01	1.479617e-01	
97	5.053984e-04	-1.69563e-01	1.519322e-01	
98	5.055701e-04	-1.74955e-01	1.570767e-01	
99	5.058447e-04	-1.83575e-01	1.654339e-01	
100	5.062474e-04	-1.96218e-01	1.778687e-01	
101	5.066988e-04	-2.10387e-01	1.919319e-01	
102	5.073733e-04	-2.31557e-01	2.130367e-01	
103	5.085737e-04	-2.69221e-01	2.506654e-01	
104	5.098293e-04	-3.08600e-01	2.900316e-01	
105	5.114042e-04	-3.57968e-01	3.393916e-01	
106	5.132771e-04	-4.16629e-01	3.980515e-01	
107	5.161307e-04	-5.05893e-01	4.873271e-01	
108	5.193506e-04	-6.06420e-01	5.878819e-01	
109	5.239102e-04	-7.48338e-01	7.298574e-01	
110	5.289079e-04	-9.03183e-01	8.847898e-01	
111	5.368960e-04	-1.14877e+00	1.130555e+00	
112	5.447037e-04	-1.38601e+00	1.368033e+00	

Index   time            v(1)            v(3)            
--------------------------------------------------------------------------------
113	5.603189e-04	-1.84993e+00	1.832530e+00	
114	5.759068e-04	-2.29530e+00	2.278693e+00	
115	5.959068e-04	-2.83393e+00	2.818536e+00	
116	6.159068e-04	-3.32787e+00	3.314012e+00	
117	6.359068e-04	-3.76933e+00	3.757176e+00	
118	6.559068e-04	-4.15135e+00	4.141157e+00	
119	6.759068e-04	-4.46789e+00	4.459792e+00	
120	6.959068e-04	-4.71398e+00	4.708152e+00	
121	7.159068e-04	-4.88572e+00	4.882234e+00	
122	7.359068e-04	-4.98041e+00	4.979370e+00	
123	7.559068e-04	-4.99656e+00	4.997959e+00	
124	7.759068e-04	-4.93391e+00	4.937770e+00	
125	7.959068e-04	-4.79344e+00	4.799697e+00	
126	8.159068e-04	-4.57739e+00	4.585967e+00	
127	8.359068e-04	-4.28914e+00	4.299907e+00	
128	8.559068e-04	-3.93325e+00	3.946067e+00	
129	8.759068e-04	-3.51533e+00	3.529993e+00	
130	8.959068e-04	-3.04198e+00	3.058275e+00	
131	9.159068e-04	-2.52065e+00	2.538328e+00	
132	9.359068e-04	-1.95956e+00	1.978372e+00	
133	9.559068e-04	-1.36758e+00	1.387216e+00	
134	9.759068e-04	-7.54023e-01	7.741931e-01	
135	9.906674e-04	-2.93023e-01	3.133179e-01	
136	9.962487e-04	-1.17841e-01	1.380335e-01	
137	9.988879e-04	-3.49375e-02	5.485766e-02	
138	1.000089e-03	2.788188e-03	1.669962e-02	
139	1.000869e-03	2.730609e-02	-8.46050e-03	
140	1.001616e-03	5.075957e-02	-3.29741e-02	
141	1.002406e-03	7.557269e-02	-5.93406e-02	
142	1.003205e-03	1.006944e-01	-8.60113e-02	
143	1.003533e-03	1.109953e-01	-9.62529e-02	
144	1.003726e-03	1.170435e-01	-1.01074e-01	
145	1.003840e-03	1.206261e-01	-1.02826e-01	
146	1.003961e-03	1.244317e-01	-1.02952e-01	
147	1.004074e-03	1.279644e-01	-1.00792e-01	
148	1.004197e-03	1.318341e-01	-9.52694e-02	
149	1.004337e-03	1.362286e-01	-8.47131e-02	
150	1.004483e-03	1.408048e-01	-6.92932e-02	
151	1.004655e-03	1.462255e-01	-4.67607e-02	
152	1.004834e-03	1.518489e-01	-2.07919e-02	
153	1.004997e-03	1.569550e-01	3.153493e-03	
154	1.005160e-03	1.620750e-01	2.611834e-02	
155	1.005353e-03	1.681291e-01	5.086769e-02	
156	1.005587e-03	1.754697e-01	7.676857e-02	
157	1.005838e-03	1.833611e-01	9.973815e-02	
158	1.006094e-03	1.913880e-01	1.187235e-01	
159	1.006396e-03	2.008676e-01	1.369124e-01	
160	1.006765e-03	2.124583e-01	1.549888e-01	
161	1.007143e-03	2.243367e-01	1.706109e-01	
162	1.007568e-03	2.376658e-01	1.862577e-01	
163	1.007998e-03	2.511608e-01	2.010403e-01	
164	1.008538e-03	2.680883e-01	2.188816e-01	
165	1.009183e-03	2.883366e-01	2.397616e-01	
166	1.010082e-03	3.165332e-01	2.685174e-01	
167	1.011306e-03	3.548983e-01	3.074134e-01	
168	1.013300e-03	4.173583e-01	3.704997e-01	
169	1.016891e-03	5.296626e-01	4.835586e-01	
170	1.023795e-03	7.447602e-01	6.995976e-01	

Index   time            v(1)            v(3)            
--------------------------------------------------------------------------------
171	1.031042e-03	9.690355e-01	9.244983e-01	
172	1.042418e-03	1.316871e+00	1.273359e+00	
173	1.054380e-03	1.675345e+00	1.632930e+00	
174	1.074380e-03	2.252575e+00	2.212415e+00	
175	1.094380e-03	2.794281e+00	2.756971e+00	
176	1.114380e-03	3.291919e+00	3.257917e+00	
177	1.134380e-03	3.737642e+00	3.707515e+00	
178	1.154380e-03	4.124420e+00	4.098545e+00	
179	1.174380e-03	4.446153e+00	4.424980e+00	
180	1.194380e-03	4.697768e+00	4.681540e+00	
181	1.214380e-03	4.875296e+00	4.864314e+00	
182	1.234380e-03	4.975938e+00	4.970293e+00	
183	1.254380e-03	4.998107e+00	4.997933e+00	
184	1.274380e-03	4.941452e+00	4.946677e+00	
185	1.294380e-03	4.806868e+00	4.817457e+00	
186	1.314380e-03	4.596476e+00	4.612194e+00	
187	1.334380e-03	4.313596e+00	4.334241e+00	
188	1.354380e-03	3.962687e+00	3.987876e+00	
189	1.374380e-03	3.549284e+00	3.578670e+00	
190	1.394380e-03	3.079907e+00	3.112981e+00	
191	1.414380e-03	2.561959e+00	2.598258e+00	
192	1.434380e-03	2.003606e+00	2.042548e+00	
193	1.454380e-03	1.413655e+00	1.454752e+00	
194	1.474380e-03	8.014106e-01	8.442803e-01	
195	1.494380e-03	1.765271e-01	2.223405e-01	
196	1.500331e-03	-1.03894e-02	5.307134e-02	
197	1.502135e-03	-6.70589e-02	5.369988e-02	
198	1.502931e-03	-9.20655e-02	7.874208e-02	
199	1.503459e-03	-1.08659e-01	9.680476e-02	
200	1.503710e-03	-1.16546e-01	1.048523e-01	
201	1.503906e-03	-1.22689e-01	1.109483e-01	
202	1.504122e-03	-1.29475e-01	1.171334e-01	
203	1.504242e-03	-1.33261e-01	1.203260e-01	
204	1.504337e-03	-1.36229e-01	1.227411e-01	
205	1.504460e-03	-1.40082e-01	1.258365e-01	
206	1.504606e-03	-1.44679e-01	1.295612e-01	
207	1.504679e-03	-1.46982e-01	1.314629e-01	
208	1.504747e-03	-1.49094e-01	1.332371e-01	
209	1.504826e-03	-1.51589e-01	1.353728e-01	
210	1.504915e-03	-1.54397e-01	1.378268e-01	
211	1.505005e-03	-1.57198e-01	1.403259e-01	
212	1.505103e-03	-1.60279e-01	1.431262e-01	
213	1.505212e-03	-1.63705e-01	1.462951e-01	
214	1.505349e-03	-1.68007e-01	1.503431e-01	
215	1.505523e-03	-1.73479e-01	1.555740e-01	
216	1.505803e-03	-1.82261e-01	1.641024e-01	
217	1.506221e-03	-1.95402e-01	1.770397e-01	
218	1.506686e-03	-2.09981e-01	1.915193e-01	
219	1.507408e-03	-2.32640e-01	2.141166e-01	
220	1.508608e-03	-2.70286e-01	2.517300e-01	
221	1.509896e-03	-3.10700e-01	2.921315e-01	
222	1.511471e-03	-3.60075e-01	3.414986e-01	
223	1.513357e-03	-4.19134e-01	4.005566e-01	
224	1.516158e-03	-5.06757e-01	4.881915e-01	
225	1.519334e-03	-6.05897e-01	5.873581e-01	
226	1.523654e-03	-7.40379e-01	7.218941e-01	
227	1.528609e-03	-8.93944e-01	8.755447e-01	
228	1.536545e-03	-1.13803e+00	1.119804e+00	

Index   time            v(1)            v(3)            
--------------------------------------------------------------------------------
229	1.544211e-03	-1.37115e+00	1.353153e+00	
230	1.559545e-03	-1.82732e+00	1.809878e+00	
231	1.574429e-03	-2.25394e+00	2.237259e+00	
232	1.594429e-03	-2.79555e+00	2.780053e+00	
233	1.614429e-03	-3.29307e+00	3.279093e+00	
234	1.634429e-03	-3.73866e+00	3.726366e+00	
235	1.654429e-03	-4.12529e+00	4.114947e+00	
236	1.674429e-03	-4.44685e+00	4.438591e+00	
237	1.694429e-03	-4.69829e+00	4.692298e+00	
238	1.714429e-03	-4.87564e+00	4.871974e+00	
239	1.734429e-03	-4.97609e+00	4.974868e+00	
240	1.754429e-03	-4.99806e+00	4.999285e+00	
241	1.774429e-03	-4.94122e+00	4.944904e+00	
242	1.794429e-03	-4.80645e+00	4.812525e+00	
243	1.814429e-03	-4.59587e+00	4.604288e+00	
244	1.834429e-03	-4.31282e+00	4.323431e+00	
245	1.854429e-03	-3.96175e+00	3.974423e+00	
246	1.874429e-03	-3.54820e+00	3.562734e+00	
247	1.894429e-03	-3.07870e+00	3.094886e+00	
248	1.914429e-03	-2.56064e+00	2.578230e+00	
249	1.934429e-03	-2.00220e+00	2.020937e+00	
250	1.954429e-03	-1.41218e+00	1.431773e+00	
251	1.974429e-03	-7.99897e-01	8.200395e-01	
252	1.989345e-03	-3.34500e-01	3.547942e-01	
253	1.995515e-03	-1.40876e-01	1.610977e-01	
254	1.997835e-03	-6.80088e-02	8.807770e-02	
255	1.999115e-03	-2.77885e-02	4.763708e-02	
256	1.999863e-03	-4.30579e-03	2.389469e-02	
257	2.000525e-03	1.649450e-02	2.670628e-03	
258	2.001237e-03	3.884559e-02	-2.04725e-02	
259	2.001938e-03	6.088774e-02	-4.36992e-02	
260	2.002691e-03	8.453863e-02	-6.89287e-02	
261	2.003378e-03	1.061254e-01	-9.14783e-02	
262	2.003681e-03	1.156322e-01	-9.99206e-02	
263	2.003836e-03	1.205036e-01	-1.02631e-01	
264	2.003949e-03	1.240478e-01	-1.02982e-01	
265	2.004053e-03	1.273266e-01	-1.01416e-01	
266	2.004178e-03	1.312397e-01	-9.65101e-02	
267	2.004331e-03	1.360397e-01	-8.55686e-02	
268	2.004470e-03	1.404017e-01	-7.12104e-02	
269	2.004644e-03	1.458784e-01	-4.87806e-02	
270	2.004857e-03	1.525520e-01	-1.80448e-02	
271	2.005025e-03	1.578311e-01	6.677092e-03	
272	2.005193e-03	1.631262e-01	3.019681e-02	
273	2.005396e-03	1.694916e-01	5.569217e-02	
274	2.005657e-03	1.776752e-01	8.345646e-02	
275	2.005897e-03	1.852157e-01	1.043301e-01	
276	2.006167e-03	1.937010e-01	1.234387e-01	
277	2.006472e-03	2.032600e-01	1.408934e-01	
278	2.006878e-03	2.160158e-01	1.598945e-01	
279	2.007302e-03	2.293327e-01	1.766578e-01	
280	2.007710e-03	2.421206e-01	1.912224e-01	
281	2.008174e-03	2.566850e-01	2.069249e-01	
282	2.008730e-03	2.741363e-01	2.251523e-01	
283	2.009469e-03	2.972936e-01	2.489230e-01	
284	2.010436e-03	3.276166e-01	2.797718e-01	
285	2.011902e-03	3.735574e-01	3.262833e-01	
286	2.014201e-03	4.455614e-01	3.989258e-01	

Index   time            v(1)            v(3)            
--------------------------------------------------------------------------------
287	2.018801e-03	5.892752e-01	5.434946e-01	
288	2.025279e-03	7.908204e-01	7.457669e-01	
289	2.035300e-03	1.099925e+00	1.055785e+00	
290	2.045653e-03	1.414641e+00	1.371388e+00	
291	2.065653e-03	2.004547e+00	1.963353e+00	
292	2.085653e-03	2.562841e+00	2.524197e+00	
293	2.105653e-03	3.080717e+00	3.045224e+00	
294	2.125653e-03	3.550008e+00	3.518122e+00	
295	2.145653e-03	3.963314e+00	3.935538e+00	
296	2.165653e-03	4.314115e+00	4.290847e+00	
297	2.185653e-03	4.596881e+00	4.578459e+00	
298	2.205653e-03	4.807151e+00	4.793861e+00	
299	2.225653e-03	4.941609e+00	4.933613e+00	
300	2.245653e-03	4.998135e+00	4.995580e+00	
301	2.265653e-03	4.975838e+00	4.978703e+00	
302	2.285653e-03	4.875068e+00	4.883346e+00	
303	2.305653e-03	4.697416e+00	4.710909e+00	
304	2.325653e-03	4.445683e+00	4.464229e+00	
305	2.345653e-03	4.123839e+00	4.147076e+00	
306	2.365653e-03	3.736959e+00	3.764582e+00	
307	2.385653e-03	3.291145e+00	3.322654e+00	
308	2.405653e-03	2.793428e+00	2.828400e+00	
309	2.425653e-03	2.251657e+00	2.289498e+00	
310	2.445653e-03	1.674376e+00	1.714610e+00	
311	2.465653e-03	1.070689e+00	1.112796e+00	
312	2.485653e-03	4.501169e-01	4.941164e-01	
313	2.493131e-03	2.157226e-01	2.618400e-01	
314	2.496579e-03	1.074569e-01	1.564769e-01	
315	2.498299e-03	5.344133e-02	1.060438e-01	
316	2.499385e-03	1.930945e-02	7.687059e-02	
317	2.500077e-03	-2.42314e-03	6.101515e-02	
318	2.500565e-03	-1.77379e-02	5.256116e-02	
319	2.501174e-03	-3.68882e-02	4.781177e-02	
320	2.501669e-03	-5.24388e-02	5.035690e-02	
321	2.501971e-03	-6.19296e-02	5.502099e-02	
322	2.502339e-03	-7.34744e-02	6.325135e-02	
323	2.502697e-03	-8.47133e-02	7.312744e-02	
324	2.503187e-03	-1.00102e-01	8.824872e-02	
325	2.503576e-03	-1.12336e-01	1.008521e-01	
326	2.503785e-03	-1.18903e-01	1.075640e-01	
327	2.503979e-03	-1.25003e-01	1.135110e-01	
328	2.504211e-03	-1.32285e-01	1.200090e-01	
329	2.504309e-03	-1.35348e-01	1.225432e-01	
330	2.504397e-03	-1.38109e-01	1.247621e-01	
331	2.504515e-03	-1.41816e-01	1.277089e-01	
332	2.504687e-03	-1.47235e-01	1.320719e-01	
333	2.504770e-03	-1.49846e-01	1.342270e-01	
334	2.504837e-03	-1.51941e-01	1.359916e-01	
335	2.504915e-03	-1.54372e-01	1.380785e-01	
336	2.504999e-03	-1.57024e-01	1.404023e-01	
337	2.505090e-03	-1.59881e-01	1.429575e-01	
338	2.505189e-03	-1.62981e-01	1.457825e-01	
339	2.505305e-03	-1.66630e-01	1.491684e-01	
340	2.505450e-03	-1.71187e-01	1.534698e-01	
341	2.505651e-03	-1.77493e-01	1.595201e-01	
342	2.506020e-03	-1.89072e-01	1.708184e-01	
343	2.506513e-03	-2.04558e-01	1.861333e-01	
344	2.506985e-03	-2.19357e-01	2.008662e-01	

Index   time            v(1)            v(3)            
--------------------------------------------------------------------------------
345	2.507928e-03	-2.48951e-01	2.304082e-01	
346	2.508943e-03	-2.80804e-01	2.622443e-01	
347	2.510634e-03	-3.33815e-01	3.152412e-01	
348	2.512464e-03	-3.91170e-01	3.725917e-01	
349	2.514645e-03	-4.59438e-01	4.408649e-01	
350	2.517283e-03	-5.41880e-01	5.233227e-01	
351	2.521465e-03	-6.72301e-01	6.537856e-01	
352	2.526102e-03	-8.16344e-01	7.978989e-01	
353	2.533149e-03	-1.03388e+00	1.015577e+00	
354	2.540402e-03	-1.25566e+00	1.237550e+00	
355	2.554907e-03	-1.69095e+00	1.673318e+00	
356	2.569524e-03	-2.11536e+00	2.098418e+00	
357	2.589524e-03	-2.66650e+00	2.650679e+00	
358	2.609524e-03	-3.17559e+00	3.161221e+00	
359	2.629524e-03	-3.63460e+00	3.621861e+00	
360	2.649524e-03	-4.03628e+00	4.025451e+00	
361	2.669524e-03	-4.37431e+00	4.365521e+00	
362	2.689524e-03	-4.64336e+00	4.636801e+00	
363	2.709524e-03	-4.83918e+00	4.834931e+00	
364	2.729524e-03	-4.95868e+00	4.956858e+00	
365	2.749524e-03	-4.99998e+00	5.000595e+00	
366	2.769524e-03	-4.96242e+00	4.965511e+00	
367	2.789524e-03	-4.84661e+00	4.852107e+00	
368	2.809524e-03	-4.65436e+00	4.662218e+00	
369	2.829524e-03	-4.38871e+00	4.398797e+00	
370	2.849524e-03	-4.05385e+00	4.066036e+00	
371	2.869524e-03	-3.65506e+00	3.669150e+00	
372	2.889524e-03	-3.19862e+00	3.214425e+00	
373	2.909524e-03	-2.69174e+00	2.709009e+00	
374	2.929524e-03	-2.14241e+00	2.160892e+00	
375	2.949524e-03	-1.55929e+00	1.578699e+00	
376	2.969524e-03	-9.51584e-01	9.716212e-01	
377	2.989524e-03	-3.28868e-01	3.491902e-01	
378	2.995578e-03	-1.38891e-01	1.590920e-01	
379	2.998738e-03	-3.96354e-02	5.959968e-02	
380	2.999923e-03	-2.41578e-03	2.200214e-02	
381	3.000721e-03	2.265829e-02	-3.66168e-03	
382	3.001499e-03	4.708449e-02	-2.91054e-02	
383	3.002324e-03	7.302012e-02	-5.66124e-02	
384	3.003074e-03	9.657023e-02	-8.17270e-02	
385	3.003390e-03	1.064929e-01	-9.20332e-02	
386	3.003594e-03	1.129059e-01	-9.80843e-02	
387	3.003714e-03	1.166752e-01	-1.01013e-01	
388	3.003811e-03	1.197024e-01	-1.02670e-01	
389	3.003931e-03	1.234709e-01	-1.03261e-01	
390	3.004042e-03	1.269552e-01	-1.01756e-01	
391	3.004171e-03	1.310306e-01	-9.67350e-02	
392	3.004309e-03	1.353646e-01	-8.71231e-02	
393	3.004457e-03	1.399928e-01	-7.22639e-02	
394	3.004620e-03	1.451190e-01	-5.15454e-02	
395	3.004813e-03	1.511861e-01	-2.38382e-02	
396	3.004976e-03	1.563103e-01	2.490177e-04	
397	3.005140e-03	1.614650e-01	2.355054e-02	
398	3.005318e-03	1.670390e-01	4.671144e-02	
399	3.005546e-03	1.742046e-01	7.269356e-02	
400	3.005799e-03	1.821455e-01	9.655186e-02	
401	3.006051e-03	1.900446e-01	1.158415e-01	
402	3.006345e-03	1.992711e-01	1.341284e-01	

Index   time            v(1)            v(3)            
--------------------------------------------------------------------------------
403	3.006700e-03	2.104288e-01	1.520795e-01	
404	3.007078e-03	2.222876e-01	1.680638e-01	
405	3.007503e-03	2.356107e-01	1.839354e-01	
406	3.007924e-03	2.488432e-01	1.985501e-01	
407	3.008447e-03	2.652412e-01	2.159153e-01	
408	3.009066e-03	2.846726e-01	2.360041e-01	
409	3.009925e-03	3.116079e-01	2.635094e-01	
410	3.011074e-03	3.476335e-01	3.000597e-01	
411	3.012923e-03	4.055494e-01	3.585880e-01	
412	3.016118e-03	5.054931e-01	4.592529e-01	
413	3.022507e-03	7.047292e-01	6.594252e-01	
414	3.029436e-03	9.194830e-01	8.748048e-01	
415	3.040223e-03	1.250234e+00	1.206528e+00	
416	3.051620e-03	1.593413e+00	1.550726e+00	
417	3.071620e-03	2.174841e+00	2.134333e+00	
418	3.091620e-03	2.721971e+00	2.684244e+00	
419	3.111620e-03	3.226174e+00	3.191679e+00	
420	3.131620e-03	3.679497e+00	3.648813e+00	
421	3.151620e-03	4.074793e+00	4.048302e+00	
422	3.171620e-03	4.405827e+00	4.383990e+00	
423	3.191620e-03	4.667379e+00	4.650448e+00	
424	3.211620e-03	4.855323e+00	4.843610e+00	
425	3.231620e-03	4.966696e+00	4.960303e+00	
426	3.251620e-03	4.999741e+00	4.998815e+00	
427	3.271620e-03	4.953937e+00	4.958417e+00	
428	3.291620e-03	4.830007e+00	4.839868e+00	
429	3.311620e-03	4.629904e+00	4.644924e+00	
430	3.331620e-03	4.356785e+00	4.376772e+00	
431	3.351620e-03	4.014957e+00	4.039539e+00	
432	3.371620e-03	3.609811e+00	3.638647e+00	
433	3.391620e-03	3.147736e+00	3.180327e+00	
434	3.411620e-03	2.636019e+00	2.671908e+00	
435	3.431620e-03	2.082731e+00	2.121339e+00	
436	3.451620e-03	1.496597e+00	1.537428e+00	
437	3.471620e-03	8.868601e-01	9.294888e-01	
438	3.491620e-03	2.631373e-01	3.081485e-01	
439	3.497100e-03	9.110451e-02	1.406387e-01	
440	3.499770e-03	7.215522e-03	6.710591e-02	
441	3.500781e-03	-2.45345e-02	4.903950e-02	
442	3.501415e-03	-4.44574e-02	4.758001e-02	
443	3.501740e-03	-5.46668e-02	5.085929e-02	
444	3.502111e-03	-6.63061e-02	5.762857e-02	
445	3.502552e-03	-8.01811e-02	6.884373e-02	
446	3.503011e-03	-9.45941e-02	8.263560e-02	
447	3.503420e-03	-1.07448e-01	9.578560e-02	
448	3.503654e-03	-1.14792e-01	1.033819e-01	
449	3.503841e-03	-1.20660e-01	1.093073e-01	
450	3.504074e-03	-1.27973e-01	1.162092e-01	
451	3.504251e-03	-1.33543e-01	1.210096e-01	
452	3.504348e-03	-1.36581e-01	1.234837e-01	
453	3.504451e-03	-1.39827e-01	1.260729e-01	
454	3.504568e-03	-1.43492e-01	1.289912e-01	
455	3.504656e-03	-1.46266e-01	1.312293e-01	
456	3.504727e-03	-1.48496e-01	1.330598e-01	
457	3.504803e-03	-1.50856e-01	1.350339e-01	
458	3.504886e-03	-1.53469e-01	1.372647e-01	
459	3.504975e-03	-1.56276e-01	1.397144e-01	
460	3.505064e-03	-1.59050e-01	1.421871e-01	

Index   time            v(1)            v(3)            
--------------------------------------------------------------------------------
461	3.505162e-03	-1.62125e-01	1.449797e-01	
462	3.505272e-03	-1.65602e-01	1.481941e-01	
463	3.505410e-03	-1.69919e-01	1.522552e-01	
464	3.505590e-03	-1.75581e-01	1.576679e-01	
465	3.505875e-03	-1.84531e-01	1.663623e-01	
466	3.506294e-03	-1.97678e-01	1.793108e-01	
467	3.506761e-03	-2.12343e-01	1.938774e-01	
468	3.507493e-03	-2.35327e-01	2.168008e-01	
469	3.508924e-03	-2.80219e-01	2.616582e-01	
470	3.510244e-03	-3.21611e-01	3.030395e-01	
471	3.511789e-03	-3.70009e-01	3.514320e-01	
472	3.513636e-03	-4.27853e-01	4.092765e-01	
473	3.516630e-03	-5.21490e-01	5.029270e-01	
474	3.519922e-03	-6.24223e-01	6.056909e-01	
475	3.524707e-03	-7.73070e-01	7.546008e-01	
476	3.529920e-03	-9.34448e-01	9.160747e-01	
477	3.538789e-03	-1.20655e+00	1.188387e+00	
478	3.547410e-03	-1.46751e+00	1.449624e+00	
479	3.564654e-03	-1.97577e+00	1.958554e+00	
480	3.582641e-03	-2.48115e+00	2.464929e+00	
481	3.602641e-03	-3.00565e+00	2.990734e+00	
482	3.622641e-03	-3.48275e+00	3.469445e+00	
483	3.642641e-03	-3.90493e+00	3.893403e+00	
484	3.662641e-03	-4.26552e+00	4.256019e+00	
485	3.682641e-03	-4.55884e+00	4.551487e+00	
486	3.702641e-03	-4.78027e+00	4.775226e+00	
487	3.722641e-03	-4.92631e+00	4.923637e+00	
488	3.742641e-03	-4.99466e+00	4.994441e+00	
489	3.762641e-03	-4.98424e+00	4.986468e+00	
490	3.782641e-03	-4.89521e+00	4.899891e+00	
491	3.802641e-03	-4.72899e+00	4.736034e+00	
492	3.822641e-03	-4.48818e+00	4.497519e+00	
493	3.842641e-03	-4.17660e+00	4.188073e+00	
494	3.862641e-03	-3.79915e+00	3.812606e+00	
495	3.882641e-03	-3.36178e+00	3.377014e+00	
496	3.902641e-03	-2.87139e+00	2.888188e+00	
497	3.922641e-03	-2.33573e+00	2.353817e+00	
498	3.942641e-03	-1.76322e+00	1.782344e+00	
499	3.962641e-03	-1.16291e+00	1.182763e+00	
500	3.982641e-03	-5.44259e-01	5.645301e-01	
501	3.990335e-03	-3.03451e-01	3.237175e-01	
502	3.994561e-03	-1.70830e-01	1.910790e-01	
503	3.996805e-03	-1.00353e-01	1.205007e-01	
504	3.998200e-03	-5.65607e-02	7.657745e-02	
505	3.999077e-03	-2.90106e-02	4.886707e-02	
506	3.999785e-03	-6.74197e-03	2.636004e-02	
507	4.000455e-03	1.430423e-02	4.913854e-03	
508	4.001160e-03	3.644901e-02	-1.79719e-02	
509	4.001935e-03	6.079019e-02	-4.35934e-02	
510	4.002658e-03	8.349329e-02	-6.78119e-02	
511	4.003352e-03	1.053140e-01	-9.06894e-02	
512	4.003666e-03	1.151571e-01	-9.95866e-02	
513	4.003824e-03	1.201201e-01	-1.02510e-01	
514	4.003936e-03	1.236455e-01	-1.03048e-01	
515	4.004039e-03	1.268669e-01	-1.01767e-01	
516	4.004166e-03	1.308483e-01	-9.71471e-02	
517	4.004319e-03	1.356830e-01	-8.65384e-02	
518	4.004458e-03	1.400459e-01	-7.24814e-02	

Index   time            v(1)            v(3)            
--------------------------------------------------------------------------------
519	4.004629e-03	1.454142e-01	-5.07739e-02	
520	4.004836e-03	1.519019e-01	-2.10473e-02	
521	4.005002e-03	1.571047e-01	3.387520e-03	
522	4.005168e-03	1.623319e-01	2.683588e-02	
523	4.005356e-03	1.682467e-01	5.100787e-02	
524	4.005590e-03	1.755635e-01	7.684182e-02	
525	4.005841e-03	1.834634e-01	9.984751e-02	
526	4.006096e-03	1.914761e-01	1.188043e-01	
527	4.006398e-03	2.009571e-01	1.370010e-01	
528	4.006768e-03	2.125633e-01	1.551020e-01	
529	4.007147e-03	2.244571e-01	1.707410e-01	
530	4.007571e-03	2.377642e-01	1.863595e-01	
531	4.008001e-03	2.512640e-01	2.011467e-01	
532	4.008541e-03	2.681820e-01	2.189774e-01	
533	4.009187e-03	2.884442e-01	2.398714e-01	
534	4.010085e-03	3.166333e-01	2.686190e-01	
535	4.011310e-03	3.550101e-01	3.075265e-01	
536	4.013304e-03	4.174860e-01	3.706284e-01	
537	4.016894e-03	5.297600e-01	4.836566e-01	
538	4.023818e-03	7.454863e-01	7.003264e-01	
539	4.031056e-03	9.694805e-01	9.249444e-01	
540	4.042425e-03	1.317105e+00	1.273594e+00	
541	4.054377e-03	1.675268e+00	1.632854e+00	
542	4.074377e-03	2.252502e+00	2.212342e+00	
543	4.094377e-03	2.794213e+00	2.756904e+00	
544	4.114377e-03	3.291858e+00	3.257856e+00	
545	4.134377e-03	3.737588e+00	3.707461e+00	
546	4.154377e-03	4.124374e+00	4.098499e+00	
547	4.174377e-03	4.446116e+00	4.424942e+00	
548	4.194377e-03	4.697740e+00	4.681511e+00	
549	4.214377e-03	4.875278e+00	4.864296e+00	
550	4.234377e-03	4.975930e+00	4.970284e+00	
551	4.254377e-03	4.998109e+00	4.997935e+00	
552	4.274377e-03	4.941465e+00	4.946689e+00	
553	4.294377e-03	4.806890e+00	4.817478e+00	
554	4.314377e-03	4.596508e+00	4.612225e+00	
555	4.334377e-03	4.313637e+00	4.334282e+00	
556	4.354377e-03	3.962736e+00	3.987925e+00	
557	4.374377e-03	3.549342e+00	3.578727e+00	
558	4.394377e-03	3.079971e+00	3.113044e+00	
559	4.414377e-03	2.562028e+00	2.598328e+00	
560	4.434377e-03	2.003680e+00	2.042622e+00	
561	4.454377e-03	1.413733e+00	1.454830e+00	
562	4.474377e-03	8.014907e-01	8.443601e-01	
563	4.494377e-03	1.766082e-01	2.224207e-01	
564	4.500328e-03	-1.02974e-02	5.312227e-02	
565	4.502131e-03	-6.69441e-02	5.364679e-02	
566	4.502928e-03	-9.19773e-02	7.866018e-02	
567	4.503455e-03	-1.08534e-01	9.667586e-02	
568	4.503706e-03	-1.16425e-01	1.047322e-01	
569	4.503902e-03	-1.22575e-01	1.108419e-01	
570	4.504119e-03	-1.29373e-01	1.170462e-01	
571	4.504240e-03	-1.33177e-01	1.202578e-01	
572	4.504334e-03	-1.36139e-01	1.226703e-01	
573	4.504457e-03	-1.40012e-01	1.257813e-01	
574	4.504601e-03	-1.44539e-01	1.294467e-01	
575	4.504673e-03	-1.46776e-01	1.312918e-01	
576	4.504741e-03	-1.48926e-01	1.330954e-01	

Index   time            v(1)            v(3)            
--------------------------------------------------------------------------------
577	4.504821e-03	-1.51440e-01	1.352443e-01	
578	4.504911e-03	-1.54260e-01	1.377065e-01	
579	4.505000e-03	-1.57044e-01	1.401871e-01	
580	4.505097e-03	-1.60112e-01	1.429732e-01	
581	4.505205e-03	-1.63502e-01	1.461064e-01	
582	4.505341e-03	-1.67759e-01	1.501080e-01	
583	4.505512e-03	-1.73126e-01	1.552341e-01	
584	4.505783e-03	-1.81627e-01	1.634826e-01	
585	4.506202e-03	-1.94807e-01	1.764514e-01	
586	4.506664e-03	-2.09282e-01	1.908228e-01	
587	4.507362e-03	-2.31205e-01	2.126832e-01	
588	4.508528e-03	-2.67777e-01	2.492226e-01	
589	4.509775e-03	-3.06909e-01	2.883415e-01	
590	4.511339e-03	-3.55917e-01	3.373410e-01	
591	4.513196e-03	-4.14082e-01	3.955039e-01	
592	4.515943e-03	-5.00027e-01	4.814601e-01	
593	4.519062e-03	-5.97433e-01	5.788916e-01	
594	4.523316e-03	-7.29868e-01	7.113788e-01	
595	4.528196e-03	-8.81168e-01	8.627607e-01	
596	4.535938e-03	-1.11946e+00	1.101223e+00	
597	4.543520e-03	-1.35024e+00	1.332225e+00	
598	4.558683e-03	-1.80210e+00	1.784625e+00	
599	4.573302e-03	-2.22229e+00	2.205550e+00	
600	4.593302e-03	-2.76614e+00	2.750563e+00	
601	4.613302e-03	-3.26636e+00	3.252289e+00	
602	4.633302e-03	-3.71507e+00	3.702669e+00	
603	4.653302e-03	-4.10518e+00	4.094732e+00	
604	4.673302e-03	-4.43056e+00	4.422176e+00	
605	4.693302e-03	-4.68607e+00	4.679942e+00	
606	4.713302e-03	-4.86767e+00	4.863872e+00	
607	4.733302e-03	-4.97251e+00	4.971149e+00	
608	4.753302e-03	-4.99892e+00	5.000005e+00	
609	4.773302e-03	-4.94651e+00	4.950054e+00	
610	4.793302e-03	-4.81608e+00	4.822022e+00	
611	4.813302e-03	-4.60970e+00	4.617984e+00	
612	4.833302e-03	-4.33062e+00	4.341109e+00	
613	4.853302e-03	-3.98324e+00	3.995805e+00	
614	4.873302e-03	-3.57305e+00	3.587481e+00	
615	4.893302e-03	-3.10651e+00	3.122609e+00	
616	4.913302e-03	-2.59098e+00	2.608492e+00	
617	4.933302e-03	-2.03458e+00	2.053260e+00	
618	4.953302e-03	-1.44610e+00	1.465648e+00	
619	4.973302e-03	-8.34813e-01	8.549332e-01	
620	4.989302e-03	-3.35842e-01	3.561406e-01	
621	4.995680e-03	-1.35686e-01	1.559004e-01	
622	4.998219e-03	-5.59395e-02	7.596702e-02	
623	4.999515e-03	-1.52450e-02	3.497927e-02	
624	5.000259e-03	8.149543e-03	1.122089e-02	
625	5.000985e-03	3.094932e-02	-1.22464e-02	
626	5.001729e-03	5.431447e-02	-3.67320e-02	
627	5.002494e-03	7.833583e-02	-6.22957e-02	
628	5.003327e-03	1.045002e-01	-8.98272e-02	
629	5.003661e-03	1.150143e-01	-9.94213e-02	
630	5.003835e-03	1.204612e-01	-1.02558e-01	
631	5.003952e-03	1.241303e-01	-1.02911e-01	
632	5.004059e-03	1.275017e-01	-1.01221e-01	
633	5.004182e-03	1.313520e-01	-9.62779e-02	
634	5.004333e-03	1.361216e-01	-8.53051e-02	

Index   time            v(1)            v(3)            
--------------------------------------------------------------------------------
635	5.004473e-03	1.405013e-01	-7.08166e-02	
636	5.004647e-03	1.459723e-01	-4.83459e-02	
637	5.004836e-03	1.519176e-01	-2.09653e-02	
638	5.005000e-03	1.570451e-01	3.105235e-03	
639	5.005164e-03	1.621914e-01	2.621053e-02	
640	5.005354e-03	1.681650e-01	5.066672e-02	
641	5.005586e-03	1.754681e-01	7.650653e-02	
642	5.005837e-03	1.833471e-01	9.951878e-02	
643	5.006093e-03	1.913822e-01	1.185866e-01	
644	5.006393e-03	2.007983e-01	1.367139e-01	
645	5.006764e-03	2.124266e-01	1.549026e-01	
646	5.007143e-03	2.243252e-01	1.705755e-01	
647	5.007568e-03	2.376604e-01	1.862417e-01	
648	5.007996e-03	2.511025e-01	2.009730e-01	
649	5.008536e-03	2.680375e-01	2.188270e-01	
650	5.009177e-03	2.881518e-01	2.395716e-01	
651	5.010079e-03	3.164401e-01	2.684228e-01	
652	5.011288e-03	3.543155e-01	3.068236e-01	
653	5.013301e-03	4.173764e-01	3.705181e-01	
654	5.016775e-03	5.260157e-01	4.798914e-01	
655	5.023722e-03	7.424909e-01	6.973214e-01	
656	5.030835e-03	9.626726e-01	9.181168e-01	
657	5.042065e-03	1.306181e+00	1.262638e+00	
658	5.053856e-03	1.659822e+00	1.617356e+00	
659	5.073856e-03	2.237863e+00	2.197635e+00	
660	5.093856e-03	2.780612e+00	2.743223e+00	
661	5.113856e-03	3.279508e+00	3.245412e+00	
662	5.133856e-03	3.726685e+00	3.696453e+00	
663	5.153856e-03	4.115090e+00	4.089097e+00	
664	5.173856e-03	4.438597e+00	4.417298e+00	
665	5.193856e-03	4.692105e+00	4.675742e+00	
666	5.213856e-03	4.871616e+00	4.860495e+00	
667	5.233856e-03	4.974298e+00	4.968510e+00	
668	5.253856e-03	4.998533e+00	4.998217e+00	
669	5.273856e-03	4.943938e+00	4.949021e+00	
670	5.293856e-03	4.811374e+00	4.821825e+00	
671	5.313856e-03	4.602931e+00	4.618516e+00	
672	5.333856e-03	4.321898e+00	4.342420e+00	
673	5.353856e-03	3.972706e+00	3.997780e+00	
674	5.373856e-03	3.560862e+00	3.590145e+00	
675	5.393856e-03	3.092861e+00	3.125843e+00	
676	5.413856e-03	2.576084e+00	2.612307e+00	
677	5.433856e-03	2.018680e+00	2.057559e+00	
678	5.453856e-03	1.429441e+00	1.470488e+00	
679	5.473856e-03	8.176582e-01	8.604813e-01	
680	5.493856e-03	1.929807e-01	2.386113e-01	
681	5.499734e-03	8.354522e-03	6.597444e-02	
682	5.501451e-03	-4.55887e-02	4.724026e-02	
683	5.502372e-03	-7.45185e-02	6.284803e-02	
684	5.502728e-03	-8.56829e-02	7.339148e-02	
685	5.503188e-03	-1.00158e-01	8.807029e-02	
686	5.503652e-03	-1.14731e-01	1.031429e-01	
687	5.503877e-03	-1.21786e-01	1.102233e-01	
688	5.504116e-03	-1.29279e-01	1.171630e-01	
689	5.504254e-03	-1.33629e-01	1.208589e-01	
690	5.504346e-03	-1.36529e-01	1.232188e-01	
691	5.504476e-03	-1.40591e-01	1.264710e-01	
692	5.504601e-03	-1.44532e-01	1.296406e-01	

Index   time            v(1)            v(3)            
--------------------------------------------------------------------------------
693	5.504675e-03	-1.46847e-01	1.315330e-01	
694	5.504745e-03	-1.49036e-01	1.333535e-01	
695	5.504823e-03	-1.51504e-01	1.354454e-01	
696	5.504914e-03	-1.54352e-01	1.379121e-01	
697	5.505000e-03	-1.57066e-01	1.403133e-01	
698	5.505095e-03	-1.60047e-01	1.430027e-01	
699	5.505198e-03	-1.63267e-01	1.459605e-01	
700	5.505324e-03	-1.67242e-01	1.496754e-01	
701	5.505481e-03	-1.72163e-01	1.543512e-01	
702	5.505711e-03	-1.79362e-01	1.613000e-01	
703	5.506169e-03	-1.93759e-01	1.754218e-01	
704	5.506615e-03	-2.07749e-01	1.893010e-01	
705	5.507228e-03	-2.27009e-01	2.084962e-01	
706	5.508276e-03	-2.59883e-01	2.413326e-01	
707	5.509404e-03	-2.95255e-01	2.766899e-01	
708	5.511272e-03	-3.53820e-01	3.352429e-01	
709	5.513328e-03	-4.18234e-01	3.996568e-01	
710	5.516492e-03	-5.17182e-01	4.986184e-01	
711	5.519380e-03	-6.07323e-01	5.887855e-01	
712	5.523192e-03	-7.26031e-01	7.075402e-01	
713	5.527478e-03	-8.58960e-01	8.405395e-01	
714	5.533612e-03	-1.04813e+00	1.029836e+00	
715	5.540166e-03	-1.24850e+00	1.230380e+00	
716	5.553273e-03	-1.64255e+00	1.624864e+00	
717	5.565855e-03	-2.01036e+00	1.993238e+00	
718	5.585855e-03	-2.56829e+00	2.552233e+00	
719	5.605855e-03	-3.08572e+00	3.071070e+00	
720	5.625855e-03	-3.55448e+00	3.541419e+00	
721	5.645855e-03	-3.96718e+00	3.955993e+00	
722	5.665855e-03	-4.31732e+00	4.308137e+00	
723	5.685855e-03	-4.59937e+00	4.592402e+00	
724	5.705855e-03	-4.80889e+00	4.804211e+00	
725	5.725855e-03	-4.94257e+00	4.940307e+00	
726	5.745855e-03	-4.99830e+00	4.998470e+00	
727	5.765855e-03	-4.97521e+00	4.977848e+00	
728	5.785855e-03	-4.87365e+00	4.878709e+00	
729	5.805855e-03	-4.69524e+00	4.702668e+00	
730	5.825855e-03	-4.44277e+00	4.452455e+00	
731	5.845855e-03	-4.12025e+00	4.132058e+00	
732	5.865855e-03	-3.73274e+00	3.746492e+00	
733	5.885855e-03	-3.28636e+00	3.301870e+00	
734	5.905855e-03	-2.78816e+00	2.805176e+00	
735	5.925855e-03	-2.24599e+00	2.264267e+00	
736	5.945855e-03	-1.66839e+00	1.687649e+00	
737	5.965855e-03	-1.06449e+00	1.084432e+00	
738	5.985855e-03	-4.43793e-01	4.640926e-01	
739	5.993249e-03	-2.12010e-01	2.322621e-01	
740	5.997003e-03	-9.41364e-02	1.142908e-01	
741	5.998647e-03	-4.24930e-02	6.244816e-02	
742	5.999636e-03	-1.14411e-02	3.112410e-02	
743	6.000000e-03	-7.34788e-15	1.952084e-02	
